0.316474005739252 -0.262518829511617 0.202830257615031 0.467169819588258
0.137003955172927 -0.00116443326760381 0.161353399706268 0.492382179322197
0.120550199442236 -0.0608395070157956 0.183856108979152 0.514316340598068
0.130941827169488 -0.183625657584157 0.166960527728174 0.532106883892677
0.257036396159404 -0.22848887153786 0.161476242227679 0.492054561100799
0.197947346575784 -0.283987418602824 0.20156689632907 0.475006744465232
0.175628144429234 -0.153654441603619 0.184442751774572 0.488419161218813
0.365154944381038 -0.469117035301138 0.188101019007937 0.506781801639425
0.240894324965271 -0.477905877665965 0.229393717969657 0.531005711210384
0.0741872926258285 -0.12065576379472 0.202215021192019 0.49062716798911
0.142272650611307 -0.188762071691926 0.152132371349634 0.540302283188312
0.107076741326992 -0.00498201431253965 0.11887811929997 0.513291447324317
-0.0322924998193934 -0.123111469052121 0.118878117799175 0.498890802958908
0.261234982640493 -0.381084873117518 0.174821565737651 0.495984683240369
0.161582099964152 -0.236274276363494 0.185109879825958 0.508201479505004
0.085931034067305 0.0439769431732179 0.136780224442784 0.485624441561383
0.23039877686936 -0.236937534582722 0.177321308311777 0.48940436770814
0.0866914338889556 -0.190948782351365 0.176641036716091 0.529171098656873
0.351376007673533 -0.204822446818485 0.22840961351619 0.466390482972369
0.173506265422186 0.0231055123587738 0.129821629380988 0.515736414455935
0.0203730621268155 -0.0742507060165542 0.173629277331013 0.490601558476527
0.123541601606066 -0.156624917073065 0.1188781168337 0.491163554191881
0.333817249520975 -0.277377633424763 0.209817317925629 0.485191282190854
0.136807915755918 -0.0349751866222424 0.190711759416626 0.506733935320483
0.243997164821275 -0.326668358010211 0.210596758961443 0.496765369473346
0.11007957024562 -0.258889383442073 0.141042909677699 0.474201295854165
-0.00894476568630842 -0.0358056371766604 0.177045211008854 0.480703741501005
0.22816363596168 -0.321156706730753 0.141993657286254 0.512500025966099
0.167309397047484 -0.177848889169456 0.18450306440566 0.511358546507025
0.188319071507404 -0.323832621578328 0.182801979876859 0.477260028146762
0.211978326021352 -0.201764710370401 0.144079400167099 0.542392747806344
0.0781399660083758 0.0195854929527033 0.127026552009079 0.486030576623078
0.122607045188331 0.0381874729282456 0.264935767614624 0.50446552283896
0.0686188238014809 -0.0336154757197793 0.155417813245228 0.510773437987225
0.452411920204462 -0.635636805432623 0.187221432349201 0.467582522238544
0.258472638367343 -0.413661641054007 0.11887813748512 0.501306546446383
0.280716867370014 -0.114476395577216 0.166678451304443 0.506314024889239
0.311066164740831 -0.0972871543757245 0.186124935036955 0.489544430197802
0.107184961188406 -0.181497612777025 0.157028955073926 0.541144131728271
0.219025944074766 -0.208226483796438 0.15669481577908 0.487726943016746
0.167902840420004 -0.0848658486704495 0.166166404113855 0.506664336197808
0.154604235447493 -0.377879007417885 0.146421559843124 0.516338275803511
0.367560770580591 -0.405374788175611 0.167982127848034 0.488827680415822
0.247030252712888 0.0245717802431785 0.219896506394702 0.490393599729884
0.27559117587113 -0.204505205494749 0.141159581933019 0.493266170994368
0.096350081242608 0.0183806659285422 0.122592220655531 0.508819721477273
0.306907611929267 -0.479576451400548 0.172157124927648 0.524980061774787
0.238657553722278 -0.122310291696705 0.159648835993517 0.44302042650557
0.212331277378376 -0.321107033946713 0.169643792892159 0.516675684763062
0.167808824491377 -0.240396148502579 0.143397615708878 0.510142674535926
0.258104237228026 -0.247856272758254 0.178824331582704 0.485633771869161
0.179552935468158 -0.0158257952268744 0.15087026598777 0.461521982386312
0.196671007220531 -0.211908079382045 0.195586823623423 0.531897515180252
0.0833650989526053 0.122418623960793 0.175874028341102 0.465228869272498
0.233490057091985 -0.200710551125552 0.163578959815027 0.480515230713087
0.323391280722909 -0.3752554775744 0.169624592599721 0.479413544728125
0.158443744731868 -0.0345760628933239 0.209081873995892 0.507550506193826
0.0267400915473723 0.0869860226811407 0.191397916676637 0.491796647114156
-0.0357652128135805 -0.123903590628547 0.121839227246404 0.530550420140212
0.235267889238203 -0.24424646980377 0.175405006436526 0.511934112960212
0.142720809511713 -0.405919419875509 0.181059076652609 0.498339095251962
-0.0245119576430625 0.00463900127138678 0.12943068256666 0.553145407656813
0.276118414052477 -0.25390184687299 0.211036723382705 0.470722970354914
0.15684460522574 -0.00508782889051495 0.152152792198773 0.498306566464863
0.0300902435355456 -0.0639511835180595 0.162418850951057 0.50931195701604
0.176849068566078 -0.275342065538914 0.118878116504326 0.530504985994812
0.294058601238952 -0.195416081086696 0.177492507719572 0.510139958736029
0.188845033413187 0.0833854202122306 0.170844165669308 0.528389598828762
0.211645192317563 -0.377347784391261 0.189069542745203 0.516645594591224
-0.0234580684556062 0.00955916974918127 0.156617786771389 0.486689115824038
0.064830078710759 -0.160773539757722 0.118878619186552 0.548584834576888
0.238973077941562 -0.28105171546808 0.197618015593339 0.498687103918985
0.283691543200484 -0.195938262898074 0.173103358869726 0.476746542377562
0.276181238365009 -0.16131680528231 0.188758988989717 0.457881909072265
0.0517479522246685 0.0870096053089078 0.186602577434389 0.439119928031661
0.304679841050282 -0.178517650267284 0.177916079719868 0.503849755311037
0.250608959885689 -0.184834258348745 0.209769859691329 0.498435524032075
0.208506672423834 -0.324775052391997 0.179478240108421 0.508839871744671
0.374733926596854 -0.24517721622558 0.208829163994846 0.496214069162297
0.212973233428735 -0.214215871295867 0.15768114181219 0.46583519072154
0.154179315956418 -0.238321358966013 0.175385971592414 0.475426656375717
0.305515133246132 -0.377945657694928 0.21885285316682 0.498310819145231
0.233547869009493 -0.191836682433272 0.154290047569637 0.476902418716399
0.170856573371951 -0.316521479592958 0.152890113961897 0.501821677366206
0.383060711884308 -0.516283102617105 0.186928957151083 0.501115846244348
0.21321467385228 -0.096502855645733 0.217003729192996 0.483201786388275
0.0766404959773025 0.0802051430088384 0.152090998668167 0.511918615619147
0.504753366207273 -0.452656557261176 0.197070787849541 0.512917083384278
0.16439755984994 -0.159251192741665 0.161817142775361 0.497425225156664
0.185606553098428 -0.261449499259709 0.17208777397377 0.472334752635393
0.110504274136605 -0.159042667339825 0.143371154535581 0.562116945084887
0.358100018124805 -0.393649072199486 0.14842109469409 0.536149689259489
0.234675209915858 -0.189196501742631 0.184307094784555 0.526592676385811
0.0962685504561629 -0.17605887078261 0.182256253407585 0.530179861899753
0.245588136758255 -0.0862978436690079 0.180629480890002 0.489385420454924
0.171916021021605 -0.184439710279103 0.164957949748597 0.517222923881328
0.286799061378447 -0.178075198883528 0.163545735053621 0.543712369497913
0.151993970798971 -0.188164095610425 0.138844191867903 0.517357878609181
0.0610812282203627 -0.000914325062585592 0.17261800738431 0.476246531797074
0.105430233126183 -0.0683942547569685 0.19869703520116 0.476332977405033
-0.0800354575854163 0.120403609980065 0.118878116557069 0.508383968355103
0.111045584477556 -0.0311570082320948 0.182241371823499 0.461442931143118
0.323051675310788 -0.258992768345453 0.182152594929287 0.470354278999298
0.227380437290018 -0.246708295972062 0.191694818550183 0.494594370399381
0.274743611854939 -0.196843401310666 0.199644778047249 0.489418768450734
0.0742183001969544 -0.124791475078466 0.152340003905754 0.520208719429746
0.38615043700715 -0.150994242240208 0.178411770703499 0.525786498732157
0.316594350543119 -0.285041633903997 0.171970485069415 0.530510195517688
0.174467516971914 -0.239432301064426 0.177862304697027 0.488842952835073
0.142288631794992 0.119106694572398 0.172945222404971 0.475973649964156
0.287224681049997 -0.210212705403103 0.211159708756029 0.477050736832382
0.216067695348994 -0.188905652878218 0.20455333868647 0.486217742908681
0.429968241800316 -0.460866482289427 0.171487757465462 0.484062112026276
0.380299572362279 -0.293334070539262 0.193557039253352 0.500081766662975
0.230289645260887 -0.258168829747301 0.180110363838395 0.531485056995861
0.359065800537614 -0.412075274301773 0.186577571047805 0.457169166024272
0.491441821392272 -0.540676534846757 0.160890863354763 0.507456588845243
0.145452837448553 -0.0950974439573839 0.189298590739567 0.492249840827942
0.23366635301362 -0.459871492162552 0.158327060544226 0.53226246447665
0.175279857482572 -0.167424212962086 0.139906439237349 0.546800873931098
0.226534752520608 -0.262089610462126 0.143875273694204 0.491213247238927
0.153057878763242 -0.215695528060445 0.189964768574865 0.515547064928186
0.183980658307885 -0.248749417513637 0.130531390571411 0.498568333369453
0.378481394137947 -0.397142684465209 0.19068269833522 0.476627226309664
0.0957823834938346 0.0924764619682754 0.214858874929091 0.490133046179906
0.210346925363225 -0.204335713217385 0.222262574018859 0.464864353054924
0.214174608277941 -0.227555017473159 0.187690914055955 0.529135469416518
0.164507453646856 -0.180709149038196 0.158547306295188 0.515725223872281
0.209358057458031 -0.393475989827706 0.179402716288703 0.46500998945764
0.185631691942023 -0.293183942524862 0.165150713738537 0.522757666152233
0.252557255086775 -0.307925186988913 0.16657979122253 0.4819344773859
0.339242566623562 -0.282868449853794 0.192047828014298 0.483031459956522
0.194469257650898 -0.423301419257934 0.118878116490278 0.528068961285849
0.253904228608741 -0.204441574337121 0.165949093135295 0.502426944055359
0.260122707217969 -0.207397796048234 0.209391737381738 0.522719042268951
0.339680702178716 -0.405518889267334 0.168335008774683 0.470908466078833
0.220859892535114 -0.306935450989063 0.209316070417212 0.528050875439398
0.160577866282605 -0.0843858578490651 0.181623084970811 0.522014913932606
0.245243339933745 -0.281667322060074 0.152219949279037 0.499364350753491
0.463512083908518 -0.318865992682138 0.177759463724108 0.478559931810162
0.163524760509728 -0.159411288960392 0.178499965966212 0.518906211538423
0.287618936933109 -0.483437840686946 0.127502179150049 0.520131075668033
0.21448060799621 -0.0120102185503537 0.17741349271947 0.503260365908075
0.233198891813898 -0.188767363061071 0.175533845138108 0.478875598581789
0.205887870060705 -0.148175769975186 0.184189889674802 0.50033964283746
0.371133679576147 -0.298141129755928 0.242792332617067 0.546695591699641
0.202683528808478 -0.282269628132063 0.18187145340232 0.493803015809751
0.190170054814656 -0.284474743798715 0.169343230924194 0.503296806193054
0.350763567374088 -0.292126355509317 0.149682673647166 0.49318711864337
0.246046703426867 -0.304946425838785 0.126662297087191 0.47572886381991
-0.0796778845739078 0.0208911657732136 0.124345500612405 0.486836146206923
0.216735703446801 -0.30417764049074 0.178550113616385 0.526286344562996
0.156523423095619 -0.212613077252241 0.173537169559954 0.484633176225522
-0.0137220012088505 -0.22058455524485 0.153713457226154 0.511977725875144
0.128453728665518 -0.0960762256595466 0.171565835281709 0.499441414540429
0.224250444535898 -0.0913895972111784 0.224590402048865 0.468156607370474
0.179871049388373 -0.263488845012445 0.204830466275533 0.516123201270215
0.0658381857445293 -0.0217583645094329 0.17182632531201 0.48699793751073
0.190735462517593 -0.371424881715465 0.166123493142541 0.500209687403917
0.27728980996401 -0.515568554911361 0.166772517860798 0.576889528759752
0.0708951324077693 -0.241983043148191 0.140989415534442 0.537130804482625
0.229592125005639 -0.294141295750642 0.223061599931636 0.475271427008697
0.301405016421027 -0.184354962328776 0.200700734177215 0.498692031031085
0.202886802603474 -0.393867977254074 0.156270057542457 0.52449511307337
0.110134161317002 0.173291783579498 0.196228405408416 0.476046768128304
0.0823440638076589 -0.0996940778322508 0.181338729803291 0.496407741738331
0.127203207716928 -0.00854175648599242 0.191902870526923 0.519373076425923
0.326319199939269 -0.411199085957002 0.16552367202961 0.504256229824021
0.341875264031228 -0.300873060934604 0.145385365708019 0.515305027405883
0.193159558732269 -0.246227973817874 0.168422016339481 0.49197838702024
0.100678409872679 0.0792181571537231 0.179547504579481 0.509867074231955
0.456706144881779 -0.541364578834109 0.171813561687465 0.491618072044483
-0.0357035558336061 0.261384005105462 0.180248904249887 0.546270912919902
0.251631849744004 -0.109049121195535 0.17137115237372 0.534263840792278
0.0860385790849084 -0.0830517998599827 0.195758357643735 0.515937827651931
0.40460129564083 -0.545578051368012 0.165655702472553 0.47826947243326
0.381645693111941 -0.407586085686096 0.120553391575282 0.514786972187828
0.0967996007601359 -0.271093051165174 0.130642785246689 0.566739566418031
-0.0621651355519275 0.397385263208778 0.236110742357276 0.476532299092827
0.265825341076396 -0.166871437951705 0.16542779840969 0.500348994555376
0.193490122328091 -0.191429707527773 0.15760129386894 0.516884979364957
0.0758278822936962 -0.0367971494257093 0.218736959376815 0.491627456042834
0.327790150790917 -0.289241560826272 0.229602549507366 0.476631494852259
0.363946985719187 -0.308591652690254 0.198512464015043 0.468203955707707
0.229754622271285 -0.182977923791611 0.168647414334705 0.534762637906745
0.456849543304462 -0.40908785072794 0.164655353923693 0.48204841366514
0.319853070799428 -0.484938456703345 0.156869931884662 0.525280351096332
0.354053544675035 -0.48838856386808 0.151040519826679 0.539681028216634
0.0487506539410056 -0.00486444083264507 0.165916344714449 0.4959766431697
0.25397351635474 -0.275142841365932 0.155733397286986 0.473490704467443
0.237534681394776 -0.104590782321155 0.220350702901707 0.458389344424123
0.256451397088267 -0.0712753518346435 0.17446631901356 0.511458810174248
0.267032248395512 -0.210694973300968 0.164254578823161 0.49987139019629
0.255612993893967 -0.103104923672026 0.155436285454744 0.513878579657506
0.201087893241799 -0.197246909225296 0.175562068988795 0.47159225577939
0.236861056772724 -0.530201652530032 0.119641239721536 0.518704446570007
0.0163358239128795 -0.0266300054372104 0.152944959314403 0.497172337495487
0.196500884380633 -0.334852870910126 0.184839554043236 0.484752664854308
-0.0798407450509387 0.355897202018013 0.183990695431778 0.489084790841782
0.298647930592641 -0.273119801841914 0.169514062372821 0.508361945342255
0.17363145164174 -0.148657009712403 0.207777397208742 0.509656453593069
0.259089337110354 -0.201835907760653 0.215399990723449 0.526434461630889
0.182370513743165 -0.223104075864623 0.185668899103437 0.479494321677208
0.0338936808836631 -0.024650818086936 0.168168335251519 0.493703740930225
0.214392717237736 -0.388368243779482 0.171944950515596 0.523875763011469
0.336758865609466 -0.309741187539444 0.214929464081563 0.506843513766623
0.312727417371884 -0.27586225182719 0.204348977695097 0.4871282851933
0.17993453822725 -0.308874505100748 0.184857726807091 0.499612373107813
0.347560062702398 -0.366190436363414 0.206067898663159 0.484867855324278
0.113275745688318 -0.240584464545615 0.168023522148607 0.548399432595711
0.274848213869609 -0.375243590412023 0.126078439804137 0.521942743310315
0.143887067300631 -0.173926611401186 0.237348692736328 0.483141226785482
0.18626827635942 -0.198571569482677 0.178097864770067 0.506647482770747
0.291829479704775 -0.177998703688535 0.183131392462329 0.477748307411156
0.265248988085107 -0.177551425027898 0.138989884619073 0.493976926958203
0.132888282927311 -0.159875833478848 0.199028375828909 0.499964930112433
0.0866801015688406 -0.0894921279145202 0.193354875320255 0.527776584522357
0.101155247023033 -0.0443211275890995 0.184054306803184 0.512996395764444
0.208390643185234 -0.269118987358226 0.188868548628275 0.514367695716988
0.125643001828312 -0.0420698038032103 0.183771346352768 0.510640986667907
0.33492473577786 -0.268355759625991 0.152855930922492 0.50783789269194
0.177480004143061 -0.0817977808584762 0.118879103925833 0.518141772404906
0.180772806760485 -0.0366918262851314 0.204700067600688 0.457425959739918
0.292916884033598 -0.162532484885405 0.189605628106591 0.49990574579983
0.035104689057517 -0.106751966516638 0.182941815915886 0.456939770154806
0.369591845372145 -0.3419326921646 0.19245325821068 0.491519951484945
0.305830178370497 -0.179078466263601 0.193234267787833 0.496051569338617
0.244811946877167 -0.403741771707291 0.126019127718635 0.49549306827521
0.272482959798441 -0.0676881944649958 0.272742902237359 0.494422993644045
0.320974472561582 -0.398747805411604 0.157844354242722 0.565121814487467
-0.00231970337928898 0.10159326995 0.174385046135644 0.490632293298285
0.240276145301693 -0.206783749443419 0.23128329875511 0.477022220195463
0.390078214552919 -0.484789590554305 0.245740945258697 0.487307539823884
0.490174992344807 -0.564366255117746 0.143966307683838 0.510433276752014
0.175181234569383 -0.109043773641869 0.184629392627162 0.487313321662527
0.136307079679057 -0.181138143343957 0.149658662402907 0.507770448179019
0.374311234765482 -0.191853244081374 0.173475005554614 0.480700496544812
0.214352446974311 -0.218491990019779 0.201827560664403 0.523116211010969
0.332122823480119 -0.35618283453817 0.199693929706553 0.465873430583113
0.365751944540489 -0.51492731952264 0.155090868049851 0.507045119353421
0.19310627400442 -0.189043393713208 0.201416244857791 0.522017090569057
0.187969345615194 -0.325812885495032 0.18396986160312 0.527685760461386
0.161283963240874 0.104081851100362 0.253854619988836 0.501385588188364
0.259730867648131 -0.410202346916606 0.159688319360385 0.547930142175181
0.252373991347574 -0.301558598323503 0.202262943969889 0.488918579118436
0.235067070328643 -0.305876219580135 0.210482313373563 0.502661067197103
0.0505907143811397 0.19504111779594 0.198865851494163 0.540836496774798
0.298796615740962 -0.117287125748897 0.202203989297479 0.47859785802052
0.294840096843347 -0.336912120062752 0.195508317959027 0.512224575547098
0.0975375442600385 -0.0994261723662596 0.176164943678298 0.49875682103936
0.182908080343891 -0.267756428774177 0.165343798029001 0.539492358365003
0.266000755643355 -0.151919158993487 0.144468015894688 0.496034374551712
0.137956770033343 -0.260235480290463 0.159339475824565 0.514600862879613
0.273803562495412 -0.334111130429951 0.13958035933912 0.524768787574638
0.301485757365473 -0.424946815404825 0.15817536923148 0.534274818600064
-0.0491568750304395 0.0966915622930902 0.118878281993052 0.510457864466696
0.222668572955966 -0.0316232843203122 0.169486522206172 0.523705011902498
0.252957896978781 -0.296205301858412 0.194041973598389 0.554692084447811
0.0884306527778109 -0.130752586691874 0.171141740617944 0.488265643125253
0.167604388246946 -0.162217922441825 0.178608509078971 0.502264645513495
-0.0945551443271109 0.236444704434518 0.156203124776539 0.499281885131806
0.135139036457464 -0.140466730359216 0.147736915876969 0.507615366348446
0.163811911695988 -0.116600510344474 0.155901835157942 0.498382495405506
0.224581690208336 -0.455874420807688 0.158753298263686 0.494865020808683
0.220324166224577 -0.149839992484544 0.203616057568459 0.528728812175036
0.261583495224302 -0.410006200239669 0.211127364010141 0.518525427251466
0.0992474333666528 -0.0697213212305764 0.157504260531351 0.511050831723708
0.0236183374076701 0.157935047233327 0.193946946531236 0.465206842545466
0.139285165866857 -0.179193645898835 0.229193105339037 0.46244136933592
0.252829998601267 -0.0875459364265028 0.193463115955056 0.498750611047193
0.225457172042448 -0.240551741709931 0.155876518146798 0.509674821451198
0.25420012561958 -0.248829633449253 0.137303213582229 0.502885330665946
0.345894407299277 -0.401372123195865 0.170425366799879 0.507775107763952
0.223999886090319 -0.362976523402424 0.160889390040683 0.526444968262772
0.253568012719827 -0.227176225461734 0.150935063098457 0.519221909687234
0.230417703662827 -0.019777231704193 0.154791217570528 0.474812548515947
0.225289350940414 -0.375566554683715 0.118878119486962 0.489096593446931
0.179825919219627 -0.00409338463930141 0.172323308677004 0.475624289506541
0.199604348201575 -0.182399307019774 0.180250218640504 0.499473960331099
0.0261508227975377 0.171443608936246 0.175208928583309 0.525069706054363
0.18001108171716 -0.240373924182346 0.182372737653771 0.479172121717661
0.197216233438609 -0.220753612439582 0.183388076413161 0.53473633562105
0.207280875089816 -0.279164796185372 0.187220908203245 0.51676728015925
-0.0610061796636161 0.128527553333257 0.128452660067146 0.512879535693955
0.283532812301149 -0.249328116795642 0.161373196182809 0.509818793242472
0.113868166041845 0.123260738080988 0.180704001190294 0.578970781052054
0.321512685134152 -0.35302513661702 0.146363936847095 0.480764369254086
0.343224501219852 -0.229762550080471 0.279004299756702 0.451370750764345
0.285239577464802 -0.318557275033421 0.27934419096811 0.497085112416709
0.195038777672793 -0.143157635083179 0.184199928562147 0.508251300945966
0.178225955098008 0.0554864010886266 0.193369373410894 0.499037095686544
0.25212028076761 -0.438614678312221 0.235876895169782 0.529600742191533
0.214957411681802 -0.191095100192186 0.149987784085047 0.520137283466007
0.315787485059159 -0.642013383827712 0.176279626596193 0.539946694283165
0.200989116249453 -0.140931284605051 0.155430669403929 0.472699795459744
-0.0653228155611447 0.142610805833863 0.182019782234539 0.49400022755294
0.315057523858532 -0.517905392667273 0.176423443429464 0.489103330263777
0.168614330821272 -0.350079359725246 0.13276007636523 0.496945810427945
0.149017911351281 -0.139490315503992 0.182442462706932 0.492198293696909
0.328980577553957 -0.349973043646817 0.118878120207678 0.517563990183846
0.156676049474827 -0.32058184660676 0.191193870942175 0.463441325800905
0.108933895670217 -0.210071207122266 0.188925891046581 0.550950073493024
0.323422111973623 -0.180286302347618 0.16234562143286 0.502059127970736
0.198159807334901 -0.0961180735535794 0.184751251551062 0.468267558882553
0.248758638563763 -0.420979673731864 0.210400001818126 0.504578509601393
0.213588809960826 -0.217711283057472 0.200487358764748 0.537810378243888
0.0815060903638951 -0.225826464443277 0.140811707368148 0.494303073925331
0.131911200504767 -0.327332587219397 0.241717599919307 0.478813197280276
0.220254472247343 -0.189239401198673 0.203858438388868 0.470161593859061
-0.0834039085420726 0.0742181183988399 0.142393681083909 0.534557414914906
0.28545449844326 -0.272180428355827 0.208961853640498 0.529135998594122
0.301954554355624 -0.215623315682964 0.152862567651742 0.490532990970724
0.363456374408369 -0.432284827855131 0.173804528570071 0.534595279505574
0.102901664911977 -0.227077299072913 0.143257250416806 0.49649691608524
-0.0166703298928986 -0.0809534722700611 0.146283604676916 0.490282429889036
0.120435503052592 -0.150915447090867 0.187178953130242 0.531541909954225
0.220052785160899 -0.158253938585347 0.165287772338717 0.468905590491017
0.425177501757485 -0.431195913617216 0.118878122733999 0.542748875014045
0.129854812700153 -0.17090255386864 0.133304953312806 0.492832771000857
0.277974826847452 -0.38324288969875 0.157446736802201 0.533925111375445
0.290533441687374 -0.330765004521537 0.163960140855848 0.537047359337943
0.230469488458351 -0.147133448573403 0.213120803384962 0.51085470337334
0.490559085696287 -0.451336481152504 0.181088779764591 0.540319610255544
0.220896332656036 -0.0886946676804629 0.178798017544871 0.500559867398524
0.0933551310094707 -0.0491772829567836 0.16936132859979 0.499845974959009
0.230080761844992 -0.237068688160649 0.190840005290869 0.510265260533278
0.168874964994303 -0.0797348143324997 0.198221065626988 0.521767698778787
0.267776147546652 -0.245004471208608 0.168464552880418 0.493502554734148
0.282244396072902 -0.235876276732513 0.198492750517149 0.484699924933742
0.0149318575137014 -0.173301870461528 0.132270292934958 0.480909169863329
0.510189357462717 -0.576711427866641 0.227662224301057 0.550776489597666
0.404565498246565 -0.354624899054158 0.153261809830789 0.511587235296624
0.304313109111698 -0.383479917148469 0.207441442527986 0.504646759164047
0.269969260885181 -0.388508853948268 0.177093269774667 0.524507299840031
0.299670459426745 -0.275786456255377 0.184939933252492 0.548724836601934
0.246169980399397 -0.377103655179348 0.198811373345358 0.525846522341936
0.17767935912994 -0.127684591860177 0.144648349560147 0.543395429748399
0.115447390669127 -0.147368042427435 0.193888642367051 0.510559148939023
0.22242071779588 -0.320298652626994 0.164866638076383 0.502777061643034
-0.0360337852249926 -0.127941685651497 0.145269842814396 0.519434681829647
-0.00629169209725497 0.0415953635414271 0.150071079175154 0.534686963515203
0.220578862548714 -0.331974832596271 0.164174963977408 0.479507991491945
0.181481170590104 -0.0688819125018972 0.170172452160289 0.533290322100499
0.280322279996449 -0.0790427794596342 0.186292811630699 0.47874680688378
0.263913518863087 -0.139678753261616 0.191717989452698 0.494083264382904
0.237400667267281 -0.382432619698509 0.17379010180308 0.604624727734383
0.289472748780365 -0.484224208976236 0.17898902113469 0.520504692060665
0.284888521974022 -0.333566359657045 0.160982941566403 0.495924013342316
0.314371176893282 -0.392170890888868 0.183584856995343 0.514965476229093
0.182023118346996 -0.105743828466416 0.155849024213898 0.518733746189298
0.133827323409783 -0.290391147300823 0.121948466529519 0.507047502215361
0.2660273329451 -0.208891882872664 0.127818337371454 0.52534497311874
0.160170669561165 -0.26863172896449 0.190705012118992 0.50743828746342
0.188325232386282 -0.00612019299462109 0.165060524837704 0.501497354242501
0.330674011260703 -0.263947907466161 0.176252560361189 0.481559477271002
0.293892284976163 -0.530188924719549 0.177418221327764 0.569653382710818
0.31021159151219 -0.303932800498921 0.235883910772477 0.466659206226301
0.0339376784157516 -0.0530083494925266 0.166224495387793 0.551307583786653
0.158224430040454 -0.277540789492571 0.156258004402507 0.547971074534222
0.174061882859237 0.0418916676280075 0.183039137690891 0.541592160768079
0.365751234798256 -0.303526571244827 0.161409603538672 0.502698850108596
0.301482645725428 -0.199757284623485 0.146070261892075 0.530298051801829
0.371148126042129 -0.501863679853776 0.182376747209557 0.538115218411925
0.341792943098995 -0.326465346129045 0.168824072075909 0.53370288258651
0.27939519358546 -0.244462916428556 0.212653471738806 0.513198662666729
0.26125399211238 -0.335179019186153 0.164038117317546 0.530674932943814
0.0713946488344659 0.0729903277973051 0.159698573723133 0.505318466999454
0.275467882370052 -0.332736565846389 0.245369930167627 0.487977387752136
0.313762333421918 -0.501265278006132 0.174161859258654 0.509014245895583
0.401598678012295 -0.215387745124107 0.151809181287379 0.522843703186945
0.179223899133933 -0.160883639644517 0.23624790737375 0.457563577109963
0.363215318260558 -0.292077199268228 0.141653481694145 0.474890659007931
0.319764202044315 -0.212030255702912 0.216533817735472 0.506955656429989
0.199251411266367 -0.0819489327009541 0.184875330529228 0.445883208579052
0.473923581243749 -0.482702558794534 0.196407151079046 0.515922102172867
0.284091500319656 -0.472196317350827 0.174860855826525 0.489826696170692
0.20399157617752 -0.179777788992086 0.177458970361316 0.496294395705297
0.0905467353761873 -0.169125581851805 0.164431704300615 0.493079341959576
0.0527240079278469 -0.203656414022927 0.156009639508137 0.500690106215001
-0.0152212390891868 -0.0387922632032797 0.178999483399649 0.507611438309186
0.0955143397934085 -0.194596803097073 0.223263140294671 0.523640716249035
0.115092773594597 -0.0819038196473817 0.129676798158567 0.484901940440885
0.103602574674448 -0.0886186590437136 0.178073078991569 0.504948885685138
0.0945810301630205 -0.14274170624592 0.122625416597832 0.54812029880336
0.274058284824482 -0.317124653279464 0.252340732797274 0.459714685345236
0.165271102648319 -0.119435895555124 0.172140121659044 0.501971223202262
0.0378623346967414 -0.051209111568159 0.175284782816736 0.520040369062828
0.167373019268305 -0.242775856364079 0.179582149920222 0.472295983925664
0.369789556028946 -0.571975872776711 0.195416637532166 0.50183318219185
0.303854028074314 -0.241661759008353 0.146694525145048 0.530488548588236
0.315883766357477 -0.340672389126816 0.214436095531207 0.515319826869557
0.147794087322024 -0.199078878505812 0.128380070761252 0.515426118288377
0.158303079664059 -0.122033606656936 0.184440209295879 0.482202113938003
0.379588863795189 -0.634051093931587 0.152145854580951 0.487717720403645
0.0468182104030391 0.125069677330932 0.18878439302246 0.471578347697275
0.0940515327145762 0.0115141893586146 0.178929899153266 0.5208272601965
0.486912480396941 -0.569063652517202 0.219196307547509 0.496752069203473
0.170447288484804 -0.222141695660118 0.185522884032051 0.460625718067869
0.240353469329759 -0.12875761614705 0.119486769511232 0.547721140017258
0.201211733531242 -0.131329510738347 0.187621921547458 0.517468659166081
0.171295013004079 -0.19308763256793 0.174845031388661 0.46231889338963
-0.0489788785368665 0.134662794578968 0.162355723536491 0.531825240104217
0.038779387041288 0.021033592258339 0.173029517399714 0.544599112882404
0.136998463904899 -0.202697437534248 0.17764648776386 0.461870320873854
-0.0222006996670879 0.0295533096915445 0.179509675458748 0.485576377273585
-0.108855443159396 0.21291338123723 0.121029097333023 0.538458613560534
0.23972636343003 -0.223479514799742 0.179191273245095 0.506777331006358
0.0324437969588756 -0.046291744293748 0.164278214125529 0.483866182842479
0.394129386539769 -0.460284802523976 0.200208851574577 0.472605315423487
0.385618108143676 -0.118849693487619 0.152078724874172 0.492563292784611
0.0765148886424983 0.027048052492887 0.197283479023158 0.534968176302504
0.220406333703879 -0.270404002814669 0.202736356848324 0.510949695554416
0.306510919533712 -0.144585852258579 0.168146753987028 0.482771395954169
0.133909146000535 -0.265828788159409 0.163706220706444 0.511717392993555
0.177884254074432 -0.0965919776275308 0.2080666094336 0.498139721820423
0.117653432795324 0.0415796582059465 0.201385236077385 0.513793796945791
0.201724743320176 -0.204487755886267 0.204958020781726 0.512596568302448
0.156053749612682 -0.303893944679352 0.159932089773817 0.462477854750294
0.325432394520217 -0.30242772991564 0.17883966588055 0.456840872739755
0.333677011994647 -0.344397000813321 0.152042471630056 0.461107681092146
0.35327015037373 -0.3420613871367 0.161486592832221 0.489175238305616
0.170954311064163 -0.333738660632046 0.133362652989011 0.522006166244397
0.299377379168567 -0.349614382766631 0.196095604734636 0.482620294498901
0.308535987891757 -0.23054586319109 0.216167009488174 0.486686731127809
-0.0189492271531999 0.0171453524811359 0.1522370391113 0.479470089855531
0.214614678713509 -0.225679387057431 0.167481200003803 0.566405089253431
0.189875566738091 -0.525506030835428 0.144465798688602 0.503786967958136
0.13258583406641 0.00447659457080008 0.14555922361199 0.511258606601564
0.211927933669254 -0.20107413291313 0.200445855092817 0.476892132893999
0.159106096141939 -0.293393889980125 0.12690123526751 0.52748907705165
0.0062633941087097 0.0308756468826459 0.191714209003661 0.50187085947546
0.143422378737876 -0.268186647465178 0.152086272293538 0.493828606060821
0.412068774208972 -0.426304579302958 0.192407650548725 0.533674231362904
0.297921429065758 -0.443425663201186 0.1814753393394 0.516985251251534
0.324753694419299 -0.0777880836569614 0.221084783230033 0.516053969679065
0.139658228354439 -0.145720114571375 0.136000865411987 0.505911590127326
0.23740298516865 -0.257052596285377 0.185818093574755 0.527272593703034
0.259831855997608 -0.0981409532737178 0.181006724141028 0.486391293202827
0.348668766104056 -0.36988645756847 0.188882785696993 0.512757713963468
0.326096375227358 -0.437681492149801 0.185601597484049 0.465393522289914
0.19055309293747 -0.225970511998427 0.154577032083807 0.494694006540055
0.190881959422221 -0.212599163472228 0.157031245431749 0.511749505959906
0.333205779516996 -0.204152278386841 0.199551221707925 0.495623884004431
0.259751302308211 -0.29551058677401 0.17011319544937 0.529469833243465
0.139055550156928 -0.295554904284911 0.173492144685031 0.498258126363097
0.19790270333377 -0.236508031450209 0.163721870267446 0.496891782398086
0.40747693775439 -0.24651237490619 0.156236177420482 0.475440439215276
0.306372932277106 -0.323241750202456 0.22597257013634 0.487853619357623
0.238134142608642 -0.323757918520736 0.132959151854039 0.522080238208098
0.280817724748923 -0.379484055838251 0.167203626262652 0.51670977586849
0.156883525944921 -0.0630151766896645 0.196456327682408 0.494091173861562
0.265917157049079 -0.140030648667119 0.186653150250775 0.47824068757916
-0.0104729551644362 0.147299372782568 0.172016363332913 0.485063364896211
0.219534439079968 -0.266936029855844 0.154743925895549 0.487631149633683
0.182233272955797 -0.21687849479708 0.136933644355473 0.505094989665609
0.183862445166306 0.0816414708905907 0.244024205031275 0.524640337509848
0.19473322093769 -0.0231301396989564 0.203029923648247 0.417456938739554
0.258194203606483 -0.250766862453515 0.1656768187545 0.519004366394622
-0.162547407152976 0.381999472139117 0.193281562625926 0.519498495125511
0.114515945175286 -0.112415739289941 0.188700289097395 0.481027331911864
0.128260232492035 0.0776160431661096 0.16729772128048 0.483029751123788
0.28459179614616 -0.289870622419718 0.176327347851048 0.525410501984323
0.408545713464922 -0.483814166176534 0.154125644856362 0.494320517173094
0.107621560234402 -0.0964215588883015 0.130466925731465 0.512504502514212
0.22424966121066 -0.290613704832591 0.215318677651728 0.459335200354779
0.249797671918338 -0.249661610363769 0.219935344272275 0.460678272072755
0.0892569881404989 0.0550253518858587 0.142018159147698 0.499603140032511
0.488199238122324 -0.334040662862377 0.216008663687463 0.485804300044019
0.351974538492321 -0.644026326014455 0.158741721275964 0.518534642857646
0.158446085799312 -0.164130052089042 0.209642380558424 0.482514372872322
0.0331514858178585 0.128528887967286 0.175328948110993 0.542891416977264
0.217219394914891 -0.195124278333805 0.212993187566519 0.485694182418089
0.284184257393308 -0.345727992658876 0.139617757730528 0.508808331142935
0.0593822154535802 0.0002556156345936 0.142348484231848 0.53636658321518
0.168725006687018 -0.188436533942945 0.145596826790295 0.532298697270648
0.283897392509481 -0.288033466325385 0.200431031466412 0.473557802977406
0.223834075936003 -0.352045439786079 0.170197514947999 0.512356309361585
0.26713982471885 -0.435143427550897 0.216261993836483 0.505291231677309
0.154884948666837 0.023219933753616 0.180435332031837 0.506646525429208
0.114608925242488 -0.113624260018359 0.158554362580114 0.53648898601677
0.233005833242147 -0.191379508679601 0.146624984332855 0.50011183534826
0.520921803650942 -0.695755208723984 0.169855897093453 0.53647472477349
0.0718824669412729 0.0347115904149306 0.218905562823477 0.453762430437133
0.0988953976421832 -0.194035665030392 0.222677516014294 0.500786080521484
0.22432541038525 -0.37483448726997 0.204586030672122 0.46783676632883
0.560114791039686 -0.666058654366617 0.166869032338976 0.567603347426463
0.00699678939541852 0.261542171617269 0.175471379514749 0.510777208076433
0.435147749063957 -0.344639612249991 0.155964576516746 0.512381680898089
0.192880777121325 -0.0827904973601222 0.155333939779927 0.457014876155424
0.242464531567971 -0.175323999199834 0.190844767556111 0.503307234815502
0.270133201633003 -0.289592799340795 0.174365237712266 0.486624302433436
0.374673351490759 -0.595281278024976 0.145651767211305 0.490032307223069
0.115908692946282 -0.0788193884286089 0.208387783393741 0.487861025829115
-0.0432838891635268 -0.0187221668234151 0.161715538883025 0.479633001442108
0.0387095097486146 0.306823098772206 0.15243707376063 0.506504894034417
0.20911386487743 -0.162137213337469 0.192396404470693 0.519465799215445
0.366599993803604 -0.438561598289097 0.188003990945061 0.484161647889245
0.278851165768092 -0.121605367872245 0.189940528467707 0.514759214219262
0.244040465134537 -0.153386958143802 0.171346928634782 0.528255594900355
0.287160671002477 -0.507507965457951 0.1705119414274 0.495297204278937
