0.281055662983565 -0.165280389940223 0.221681371777924 2.36092793986446
0.394851258599067 -0.643279971428238 0.211463681014301 2.45671332907726
0.0166434478870057 -0.0340938134588079 0.219925930509682 2.50775902259709
0.169392601214301 -0.209111546012277 0.19702546810578 2.55570657403668
0.230333050505628 -0.24178942660851 0.181508637009164 2.44389580429795
0.130637145592302 -0.120838074347072 0.200512540520371 2.44412950414361
0.133486017177339 0.0216530923146087 0.219318238372702 2.75913088558358
0.352902654515966 -0.379476098795966 0.225443547099806 2.4734226621885
0.137649188941698 -0.161509666040545 0.243713810543852 2.52572536336141
0.134881459367474 -0.131736624634852 0.185187807284672 2.30387773467351
0.115326352672386 0.0231638546544628 0.187935391449265 2.72419632513189
0.215389598917082 -0.188567756190769 0.196572547094925 2.69839091568409
0.19300767260619 -0.223158265215806 0.166970184413049 2.37521287260133
0.223592443840143 -0.244285052872224 0.168376768836787 2.6795364758858
0.300547415926119 -0.0976144577510206 0.217870415092976 2.51604480457014
0.141510151824819 -0.216141423542815 0.194550824476968 2.46766839330065
0.303171815472437 -0.181312713159259 0.214303309459443 2.45241471149842
0.308008425435791 -0.292822299834472 0.21512633055113 2.59585270372014
0.0917433473345412 0.00107763111301836 0.173854671235436 2.56189560208646
0.294118221989575 -0.219563043045261 0.182558151778252 2.39541625991291
0.0256141361234827 -0.0138163542532523 0.182773888476081 2.42670263636058
0.236291198427235 -0.419078921153172 0.128382371459526 2.81274255869179
0.090860008352977 -0.0942796136080782 0.188351446619731 2.48498262543978
0.164198691258429 -0.300936126954608 0.208148536255616 2.14162839773932
0.173672142719426 -0.128550509807628 0.180700514996682 2.47162558629673
-0.0137643066871197 -0.111336533327646 0.160252737511192 2.56960827468344
0.0217012893268417 0.107494348996399 0.171270640661882 2.66544837317724
0.223463977249555 -0.124479233244771 0.235519423701567 2.47712350699957
0.134939157707844 -0.0971530731391506 0.179395756390106 2.39492069154158
0.229756614043827 -0.0763940048067734 0.232869274225634 2.45056046290975
0.154893113123234 -0.0311773891074728 0.197274120104574 2.63647997282862
0.280105006688826 -0.386214528032829 0.225937779772871 2.28182128492561
0.140258119117158 -0.319897056869049 0.20702478338884 2.33953548491309
0.172021246992536 -0.349956326622937 0.197314182046271 2.49169073839653
0.270490909791389 -0.356384480492476 0.170294795294807 2.41948724763676
0.113514090807918 -0.0997085573907842 0.176420230125208 2.4870395710467
0.1626951447036 -0.0683846066089455 0.153893404294587 2.85827457652371
0.121072689015533 -0.183172514788096 0.172620524217665 2.21518490668167
0.108200905401822 -0.156947583702185 0.21739732327314 2.43470601458266
0.176702168195619 -0.250394587528081 0.204264075698797 2.4992853320161
0.264574670204992 -0.226203887830408 0.194895533343913 2.54059275088889
0.158780297213886 -0.0663710853019586 0.229931634383262 2.20200897982039
0.094481312963354 -0.0826149950152334 0.197111236296356 2.30212398047107
0.186368393385123 -0.311906919884241 0.230207370977132 2.57708641887869
0.169836108729414 -0.200485881453131 0.192164713420066 2.50613965216312
0.0282258444757899 -0.162824536496221 0.170386231757976 2.52642537716407
0.253593636617833 -0.186374077337213 0.167370136956259 2.51102104944941
0.0315783741380977 0.00396883499961987 0.172081157713424 2.85559671658814
0.260753247402532 -0.238756701950919 0.174840446550361 2.46107794863432
0.265370685669554 -0.273456583345089 0.198401240017899 2.33440491072069
0.110688689980291 -0.147692602621292 0.190534368502837 2.53991556273353
0.291750074930277 -0.289160602466865 0.228039109598107 2.93353907986681
0.173293773028459 -0.166658089039846 0.205377770675494 2.38341900453786
0.179333722646336 -0.235252440646341 0.208222262930079 2.34694538286684
0.0928502744987163 -0.192467996028246 0.194944430844645 2.34024360084186
0.389731190979628 -0.367708156251447 0.199441760809781 2.66726135806109
0.204989727662133 -0.217685166562657 0.152578092290135 2.31423629554954
0.147036443657947 -0.185375517325769 0.14635160118952 2.49323052787959
0.282524325546291 -0.327005182987507 0.21086186015787 2.3089454492724
0.215585562994449 -0.137616575781864 0.17680169903011 2.56630887885393
0.152524012145618 -0.163961644642652 0.197040405055606 2.36120429863118
0.30723747178706 -0.186224055857153 0.168863569569366 2.47962527026223
0.273270042455564 -0.217897414779571 0.233575231001348 2.38819108832815
0.202476442901612 -0.0718359188032728 0.165394631311793 2.40878772131439
0.160168880574596 -0.19299526164544 0.190766838299553 2.77595581988549
0.246894542088609 -0.2077340891173 0.174178020165302 2.56035365894332
0.0876062107562738 -0.17641327255608 0.155862677237022 2.4890814160254
0.22676308786568 -0.184219023507162 0.205231250586744 2.59991951979188
0.172211902347543 -0.16209139467409 0.180084850405364 2.58366362975453
0.174829396713755 -0.15571354367975 0.192871208923878 2.47277879502514
0.294716810188853 -0.34941090309417 0.192384466500926 2.44660464718067
0.071174012653328 -0.183180592169567 0.195131972441595 2.67343508728216
0.236487678935995 -0.17398271191363 0.157987325001086 2.73941072462633
0.218724551443506 -0.197924749817693 0.210663337092698 2.52844642550226
0.296506033467589 -0.28706611933304 0.198533395800566 2.3614822576287
0.195320079231884 -0.176255450481679 0.209956140798606 2.54488250942185
0.201485945713392 -0.237265138202742 0.158227701879194 2.52257013972272
0.181828311285509 -0.233782813447865 0.202332977862957 2.36829600775749
0.21476979917109 -0.176162121385063 0.196246853530943 2.57038563517809
0.362476926160821 -0.412867840698456 0.189388560476288 2.61782311047668
0.363555066266919 -0.327987634753695 0.181674368831981 2.51752685121205
0.260856545919762 -0.270263407972157 0.186934644042275 2.52577546329239
0.201813696682866 -0.0817731362526554 0.223596813612647 2.39965849547426
0.309370724276136 -0.0702539006763025 0.191634025841471 2.57408861993696
0.285749555754277 -0.167103073588848 0.225012952967623 2.51634075239258
0.159614539011886 -0.138191173374885 0.174987292346284 2.45928104641245
0.222953891055603 -0.228363848886221 0.21329468824673 2.26783414988304
0.324025551890079 -0.485135476732403 0.182839532293647 2.5531362155359
0.0164576202035119 0.00839360556139837 0.181418189609826 2.45075089858609
0.0742508876009507 -0.0937530619271202 0.224129566931371 2.60658956101517
0.291514805452342 -0.429113782044336 0.225144215233461 2.38419177755482
0.0663405371307709 -0.201134297445303 0.213248684344103 2.46842466190498
0.185194620076795 -0.210685481781987 0.193554418212631 2.24673091488361
0.129282815561647 -0.23201279255823 0.171223924244114 2.52254112081079
0.255749041965047 -0.354676613797189 0.153796647911072 2.53798014588992
0.28157118002126 -0.31962924306249 0.145038533528012 2.45601530868478
0.43733588146457 -0.523717273434181 0.166845341176978 2.75841600179993
0.246997380390748 -0.141129361143219 0.19755343494599 2.29742700260211
0.200651216668618 -0.294363063489395 0.248468489844264 2.69833308656058
0.295137084911241 -0.324647618124769 0.161343551106854 2.51600287702046
0.178803265631211 -0.110464620190898 0.217337255235329 2.52487518920787
0.268904235829246 -0.242625184402993 0.178966448009073 2.49121151919823
0.264709792683347 -0.209374525404657 0.219870973896134 2.35420690630232
0.102125538706012 -0.104405719519279 0.163694723620374 2.67680141717624
0.19992297307182 -0.1563237904567 0.217642289028347 2.51152652954219
0.13145793312463 -0.193339886558606 0.240874987054547 2.35194209362643
0.190728631569041 -0.227282777116978 0.175682196145651 2.76264757275021
0.168524545724897 -0.146681571351787 0.223132777382899 2.6040451147889
0.103933655277293 -0.142809559890417 0.141839299807464 2.45491597631395
0.201443569266853 -0.293253349834318 0.18949561073077 2.21375537280661
0.288220329569391 -0.442734990976546 0.16923703102654 2.55418428140018
0.173262297457611 -0.20434505640995 0.156921147489053 2.73156581163078
0.198119201716204 -0.195840905363698 0.19320206540347 2.45305605292263
0.183440035286636 -0.15828234833648 0.294345247501824 2.45057306552395
0.126048376055291 -0.362402601368805 0.190929584752024 2.5172960364255
0.108663354038229 -0.149663256447938 0.24295993689508 2.49101797692619
0.298561030552208 -0.380978789527766 0.184352829473721 2.3356652383932
0.279408365249473 -0.228896258682999 0.201713902385119 2.5670215021659
0.134161283198723 -0.110500056686256 0.216516638170107 2.6008767318613
0.262642841753237 -0.302474928224074 0.200663774132434 2.31335110797039
0.259544184375381 -0.295717856008221 0.203122131660169 2.4534941438455
0.0918385270455004 -0.121555175822114 0.167252210091552 2.59133461555397
0.091580091830435 0.0442829595822414 0.218029218076668 2.43567191098643
0.118391670629396 -0.0112532330204015 0.241266337707072 2.56832937669038
0.299341132641653 -0.343581190655667 0.165868304300554 2.29353720324621
0.288160638764934 -0.277469417039214 0.15708133913678 2.58987084268156
0.297299517171662 -0.202903440941858 0.193681386058587 2.57566390001232
0.201238705810565 -0.0857134053661195 0.194661025365129 2.73417216147116
0.237203574977714 -0.199972934823577 0.209933029434674 2.48679599198174
0.202114018585571 -0.334630357143746 0.207625717396398 2.53013634579674
0.131278225885998 -0.163041601420078 0.192881021869309 2.46726146289731
0.126901533816596 -0.227666266879905 0.211556677455285 2.39691256520321
0.201239989180469 -0.150355921159107 0.226782761519717 2.38341074534016
0.114217325958496 -0.121967576442116 0.180762685660802 2.48591093728157
0.132042816665542 -0.278322913857503 0.197896823150597 2.39933660485816
0.0805518743610496 0.0322000579062838 0.250850028108595 2.4266325971292
0.210393705763475 -0.265827217679128 0.205892816073831 2.36893196584013
0.342590312276825 -0.219835926465903 0.182601871539098 2.5757263289183
0.0336948457559724 -0.0890643145164705 0.191789332400638 2.57593235937382
0.117592825603604 -0.135968208699738 0.217537741988276 2.40309256926512
0.129204809531338 -0.300162244173919 0.146965608982311 2.80720865104574
0.101094958403863 -0.150494954333447 0.189560481592272 2.41239108869377
0.315432239388305 -0.398133600731469 0.183678219512992 2.59594441283387
0.193737579951268 -0.189887867282649 0.173802916340501 2.3907317798754
0.207303391848406 -0.0437255719010692 0.240601800753312 2.41003058039403
0.140487859110925 -0.311682397334359 0.144464029789914 2.5829172310967
0.112332845658503 -0.201953794153234 0.177490419264106 2.80434334154655
0.197047193536515 -0.186251162956432 0.221252010564032 2.43419134072806
0.153259570473853 -0.165305003058457 0.254016113035402 2.40624905074949
0.289226036673589 -0.361993299851063 0.180096883880868 2.82768672632259
0.0668786231671071 0.000638018338317677 0.173971798155727 2.53397118867858
0.167776581135626 -0.301453048962774 0.183047466000028 2.44602121904813
0.267192349526618 -0.128368705881377 0.208566653162565 2.48155410260204
0.11814115874166 -0.143013634584171 0.230881034291117 2.72323452445688
0.14064096937002 -0.223579659357887 0.215180049378119 2.56095085993596
0.215835950212473 -0.301697312919579 0.174967400046107 2.4463547364536
0.200662055157054 -0.183246134070098 0.175438823362583 2.53097380300626
0.332175753002115 -0.280758496536399 0.157191724324255 2.70514543107819
0.19823262478689 -0.161341393998762 0.193730598373171 2.42395115292635
0.277106785776114 -0.216315210466231 0.159620542678869 2.84646105357055
0.272206176392882 -0.29994250814195 0.193564396884769 2.50286103682723
0.11814159465243 -0.0846780581202134 0.196746304463738 2.47764388674303
0.0618524680201627 -0.151363530957091 0.2291019497274 2.70982692797339
0.0482348666261713 0.134898061844407 0.183277179923389 2.59260666128724
0.163584404772374 -0.353304693687698 0.182001480450184 2.52998504698495
0.207175780167748 -0.0979981808740392 0.282847063770216 2.46538981182076
0.214950671880003 -0.237413582714368 0.196855644313364 2.47259385082622
0.220428332900194 -0.287084166508131 0.201140325489526 2.44875477639763
0.2756810522613 -0.354202882856436 0.194116973442705 2.68953856813117
0.101204213699724 -0.0194035926888077 0.181293698786231 2.70188939747991
0.187028939087895 -0.126370819972028 0.174152076174307 2.34008208829319
0.252248999631483 -0.153689799634798 0.180719021390095 2.44186203021564
0.210440820053047 -0.101134148998992 0.194371911111855 2.69001828275091
0.124107936144941 -0.0941745748178148 0.249983752519976 2.50947920515391
0.125180067923684 0.00409685857121127 0.181571962653038 2.64295705874305
0.156724072056723 -0.306275182040418 0.163127912413618 2.49213715243993
0.175784206477447 0.0244557702646749 0.18824826732049 2.47075148348659
0.252129633150512 -0.20095482158316 0.202302671605163 2.41961981370067
0.259170964394329 -0.360237039152038 0.198122812203183 2.51665710215547
0.222942269316147 -0.256495945194674 0.175884371148425 2.29186340678315
0.113726265929953 -0.267374573509176 0.227198183084254 2.42590710618093
0.16067089681172 -0.170629712020548 0.236385573779783 2.49021078246232
0.155009355000054 -0.081195254270104 0.191227698222618 2.59399746844355
0.113177555908809 -0.362342135786433 0.193688196838308 2.56492583712259
0.281742585779244 -0.122424741338476 0.1835398924048 2.43669927446503
0.301002246144133 -0.2804899732117 0.171691282452289 2.59207880608572
0.215667839040743 -0.240531090374985 0.182668625664478 2.47394303278706
0.319137936821152 -0.3084048492347 0.170214357146319 2.70960573669092
0.242911853534042 -0.382261884402438 0.219249674087588 2.50057616624111
0.210370623330368 -0.0529112497832064 0.177284481551227 2.36296880427756
0.0897119062536485 -0.134293562034061 0.195318969330758 2.51315989972134
0.115432944764651 -0.122651839250097 0.209802418486775 2.53751070558999
0.163938841932532 -0.0530843692456767 0.235958678118222 2.43397308356672
0.111468863162964 -0.0472891594411791 0.223994849308031 2.71165426434998
0.19763162803583 -0.224753020792797 0.228359122713145 2.44119262085488
0.195351810883662 -0.157058280311309 0.204429948087329 2.61121741083534
0.131164537665061 -0.266027400839358 0.202994112133989 2.79477385986198
0.353397781986812 -0.246010236145657 0.231894896532338 2.58473688419779
0.263828448491759 -0.212651230357324 0.19882025465212 2.36074458560722
0.289944038929701 -0.193376225163319 0.217812629664834 2.67377667303204
0.178936868831323 -0.356742851461622 0.194326953239029 2.69222006609813
0.219093196983422 -0.113259584719879 0.189402172445155 2.64906860499541
0.183370804460451 0.0010097606980951 0.211435180279018 2.5307682961314
0.25055056876538 -0.336150597619917 0.249714811419868 2.55751585339926
0.028450153910479 -0.171091311781066 0.168251180469845 2.80935311268285
0.0772905741082334 -0.11213771515463 0.196853857831508 2.83110752350763
0.156143350464653 -0.131119100936601 0.165142801733213 2.51206399822879
0.283864946040092 -0.358890230597115 0.205087232964935 2.58095069063908
0.233480698987968 -0.253085750605903 0.225730292835911 2.46291544025679
0.194969782364955 -0.154187341824679 0.184755184273657 2.53813232213923
0.27953112973643 -0.601479108111792 0.19406036432737 2.61308668327918
0.0852976274365505 -0.0398076621764443 0.183115820917092 2.70671979389174
0.197251351200891 -0.172415985664108 0.174471448977495 2.53369560178001
0.124425591515569 -0.0138141407213523 0.214868188114133 2.46092762388486
0.26603085147546 -0.419613384597059 0.224462004509078 2.50700104041212
0.265041342027752 -0.298129778896398 0.17131419805797 2.5608983271352
0.122804209415055 -0.0257052241024641 0.211626429448768 2.50171297630441
-0.000176559330816329 0.0297800284209227 0.213302374998855 2.41180348279816
0.219123612723877 -0.120088761808715 0.168507754927132 2.56369336494917
0.178192426100043 -0.011358545706669 0.178460803334292 2.47649800623888
0.282528568594266 -0.358564683013184 0.173297512773024 2.4752160792754
0.147055402912809 -0.184398634886699 0.20695019206182 2.48492762881304
0.15011181998111 -0.0847046669134781 0.228810127630196 2.38703316188334
0.276838240771262 -0.189952423487966 0.201888477502589 2.48294343975926
0.192548763549324 -0.247118977249915 0.21401652732946 2.76734832791227
0.179181203946128 -0.290077416092628 0.191129994703786 2.51726567445446
0.442358556053752 -0.583653123990954 0.199863821852288 2.43247670884029
0.0809501189077383 -0.0278745024090612 0.167100350933893 2.83574162789317
0.213634001895214 -0.260172378248217 0.254400259180821 2.25663347122845
0.0629826720839879 -0.145856499358333 0.189104779747241 2.58698427622066
0.259317013499292 -0.171947104278182 0.198207310319028 2.60053182587239
0.209552356492193 -0.242723836504309 0.241816235535636 2.53549039278812
0.333529188207122 -0.283698641859395 0.209619072754567 2.47632760145198
0.180619180757991 -0.13774585547319 0.16438213038516 2.44200379976743
0.268264971904074 -0.275801960821509 0.196332830657727 2.55518683980475
0.166471769765534 -0.21719397571769 0.184141919230744 2.67554648282686
0.282507978632877 -0.340470840982997 0.184663319356188 2.59788919109619
0.192186078119537 -0.25299285615899 0.183298077217261 2.63438728675485
0.3285287523947 -0.404410364587572 0.205450202131508 2.29292035796018
0.1613814367311 -0.231203049094138 0.208618481103789 2.27207452228503
0.108485348863257 -0.106671658239004 0.20331145031737 2.72302424631128
0.0606975097656706 -0.00194737911357098 0.293131811302614 2.30359201018064
0.19540953425587 -0.36480474263317 0.223177947744716 2.52890775523979
0.345385169542202 -0.202586280685499 0.209067623739713 2.24018312766574
0.174674937439308 -0.217066967911816 0.245313062101339 2.4985010212592
0.18801954154046 -0.104616505975143 0.191445315273917 2.42916812328815
0.122660658811188 -0.163762753873858 0.197134705908237 2.70390917781907
0.290540651379251 -0.32401610200118 0.221480430057805 2.293918944665
0.230168498589109 -0.37271816387217 0.191307001040766 2.47655649456071
0.00128127004072739 0.105783923813614 0.14241210894037 2.52193697347707
0.21434273258675 -0.110576964614048 0.196279765676911 2.47096038862018
0.356216746006103 -0.360587190521119 0.195751922839454 2.41149389629767
0.323521311493888 -0.35485184956668 0.170812096690617 2.49741312212712
0.0791196067737567 -0.0302630739469942 0.181864939548859 2.6105156010692
0.272125959736012 -0.249350638215506 0.167893697548957 2.72216180909662
0.218589942808689 -0.199995544214711 0.188580395308843 2.56982600274366
0.0696754998451 -0.0449941013042247 0.159204747454327 2.62503887284628
0.147395353322116 -0.116901225716989 0.223033812868647 2.46552891053098
0.161694332195438 -0.0546767744312725 0.215099525976678 2.56643777960555
0.284419342657852 -0.366944978812038 0.209708652212703 2.50900172700587
0.222286667771357 -0.134314722465719 0.178478289335651 2.49882306796141
-0.061082691452953 0.064153278414915 0.262889057605535 2.32215053316835
0.248581540861334 -0.11845155827943 0.170812726833777 2.45901084846741
0.177184156890199 -0.26054693473073 0.200926139222123 2.56614333188708
0.219498111714272 -0.287078375650485 0.179442820881317 2.7913783609745
0.160746117009997 -0.161690155744174 0.17479515567576 2.58134759139852
0.21283375039578 -0.170197575764913 0.184455725203027 2.66210361710844
0.221225240949644 -0.402926841199241 0.195081191950795 2.4316448668897
0.134777442871856 0.00774193364070587 0.194135123391921 2.36095468522102
0.125258840669015 -0.0210605324689073 0.198078710488249 2.72631820279613
0.237936181841851 -0.281102899784971 0.145186711120335 2.69958509770375
0.263089630726943 -0.313816740457568 0.209823924661842 2.57774363095922
0.246130524805877 -0.0849823016308733 0.187833256577107 2.48346912986141
0.201390493789245 -0.128746833771203 0.200082331590256 2.63417978039938
0.173061960408885 -0.00878676216745902 0.189011886910401 2.48431997791469
0.335399579459883 -0.334887366378342 0.19394664787873 2.56758113117004
0.111034894495068 -0.121971623728262 0.20421201196335 2.54753414113056
0.260494875154923 -0.053805332614415 0.169749367825739 2.57787895524785
0.212875530449602 -0.166180994025373 0.169251865676232 2.63050672161763
0.298316754813359 -0.440852953460987 0.19231326105717 2.56074157706031
0.329621958108947 -0.427206501194881 0.209429004451627 2.35104729100156
0.155834103011033 -0.269498490474251 0.216716986466225 2.5469042275735
0.318541329693097 -0.30607258613458 0.186059836168124 2.66373513551442
0.334351348196366 -0.421176966163215 0.192447618317803 2.7461412769125
0.263425490830233 -0.138085226509339 0.171028494040615 2.93443073390736
0.194036513300543 -0.249144677328884 0.210903865128884 2.61044979171799
0.111894558061466 -0.142109255694555 0.165555368568069 2.51908838611693
0.225611437562779 -0.289822223814406 0.186005583071823 2.5640423304088
0.122681352346465 -0.190197345848303 0.235711871363554 2.44691465752127
0.46678321107709 -0.572252038351272 0.188191048322507 2.73955233400655
0.237538473417685 -0.227421269977809 0.166932879495051 2.60041575672178
0.0280977842764906 0.166500825923837 0.203295055021252 2.66779169734501
0.143784416219085 -0.0861060339192008 0.191381975166308 2.77761904804074
0.110763344099164 0.00892947552793875 0.238412459985998 2.66695063598097
0.229426193327651 -0.256028180294221 0.198472114655814 2.53445058200774
0.15377987835408 -0.0943344260335896 0.236468868425814 2.33092729357424
0.167279476924399 -0.0504612509437071 0.213502209669152 2.36162683644518
0.126397057802756 0.0747965161495709 0.197422131875539 2.62670234953719
0.109407154757205 -0.103079433822121 0.20962337105199 2.14066949327223
0.15757039107165 -0.233598708122061 0.225716612168883 2.42128523752165
0.342772673335041 -0.254486632186551 0.187527118334153 2.61543974276033
0.269076851312085 -0.375429841011738 0.197015467893107 2.55983072564549
0.22307835467358 -0.214052615321931 0.236378036181904 2.64794006771926
0.2722840356632 -0.240526654631446 0.203635017313176 2.46075891900511
0.0903600317814351 -0.184780288526111 0.178763267574055 2.40726644581214
0.194552507636114 -0.140833351214208 0.16215651730883 2.96760806371284
0.189198342305853 -0.310289197537706 0.237803558016808 2.32052092392651
0.185476354191461 -0.104101281887871 0.209624339619349 2.56815335406717
0.112528419202209 -0.149233447690516 0.21442376468651 2.39797394197235
0.0498020757973771 -0.0326937550562862 0.17361104350109 2.57535913195669
0.155537779708351 -0.0997523215682177 0.151772928940677 2.6438389160699
0.12601612668273 -0.159764994287947 0.172990534537981 2.5799322128387
0.251731567900342 -0.266931890227616 0.187884772383905 2.54731444502321
0.128573097194736 -0.000993170259112409 0.166932478060678 2.49545485847672
0.245836609436201 -0.265580604157903 0.169839903775996 2.61447769869517
0.291040716736148 -0.38847042522783 0.17992436364744 2.52811417085106
0.129955686893128 -0.184302412392645 0.179380021276897 2.70055364956044
0.227051148584293 -0.171858476140667 0.206104347573303 2.70182538890428
0.406043910186905 -0.374570537731981 0.234699488008284 2.40887642552535
0.385651525869189 -0.371731488284673 0.188431656006012 2.54526624512978
0.203784481967668 -0.2730916670864 0.212411109945863 2.4497079716951
0.303212411355851 -0.27431307098273 0.206623799334471 2.14939378043597
0.141999887280637 -0.0891001050403071 0.213066762772521 2.7718960074217
0.223652977354094 -0.197058211271191 0.158857482429682 2.70875253576781
0.186435480050323 -0.14808639066472 0.197736037399339 2.5043297122891
0.127086857503397 -0.350266594811308 0.233517894387047 2.3697194331688
0.202941657977285 -0.296389785313547 0.174443424181515 2.59319801961379
0.25119648192084 -0.172270213022197 0.188787249623511 2.39182170799274
0.187483191347229 0.00116437888277902 0.203149859053055 2.67809372742005
0.0381662755843854 -0.0642686325527291 0.235167690092058 2.64507843227409
0.197444401606949 -0.320054681911522 0.194109977370376 2.56348817557226
0.283022409642512 -0.179001054896166 0.233504788245077 2.17898306194547
0.186164185799842 -0.226274433123677 0.151014653081591 2.04497013312333
0.232187107723691 -0.176674235785532 0.191407891505429 2.31495864894025
0.246774433806553 -0.0449303518848899 0.2014518272306 2.59474130161916
0.241800047189585 -0.166638202924427 0.250469896964829 2.25655246301042
0.21893199702622 -0.304505493195313 0.215682034652662 2.11048918198664
0.0584820761598764 -0.0839223128149155 0.262016713037595 2.49275387907388
0.138563665068819 -0.0642945293013217 0.191409649529492 2.42204452824227
0.172377214653159 -0.19641390748295 0.229677560152317 2.51464579623318
0.262701141356615 -0.00644504674818338 0.198215770485582 2.52900271438358
0.00873747285648426 0.0215694643790189 0.179989868380211 2.5513928608876
0.141659541316082 -0.292105829298284 0.171879264432124 2.59138133984735
0.1733846373183 -0.176222881665795 0.220638071701316 2.41966798416773
0.254862219949867 -0.372606406394452 0.178292178758787 2.4351531796165
0.251621791899481 -0.134334078250438 0.205634464575977 2.39956907261427
0.172212463086783 -0.0815358411814517 0.222132886198854 2.63319926332277
0.20803221001942 -0.0721537126514375 0.226402614497306 2.36284663351318
0.0838940501189869 0.0246401488961679 0.152929077784981 2.56432629224772
0.196207592962481 -0.14194629079389 0.182007371317518 2.43966365795811
0.106447892054201 -0.144993654779062 0.219363973942859 2.39603820363416
0.127908816985822 -0.0555118912555288 0.170891052114925 2.61643078743629
0.0337354935933604 -0.0806117490017776 0.18897747363141 2.62149484587249
0.163423562905235 -0.339848983812825 0.248346599237098 2.49603114214005
0.113137189129072 -0.30299348402283 0.164547356457034 2.56808087002733
-0.0477055298410455 0.074189718688623 0.194230967239251 2.43920759688997
0.165853893284032 -0.143754219214346 0.148128941654864 2.56801764154848
0.283192848697448 -0.508812297678115 0.192032262802095 2.32076688511693
0.112117920789265 -0.205441393323639 0.282015711129861 2.25963366641382
-0.00136146911486514 0.100128384459217 0.193431893271381 2.46351143129035
0.351135494957026 -0.42443203392835 0.142218997395974 2.42098103897308
0.222730885811552 -0.248781770714937 0.202960852546013 2.54274972049592
0.192802473787624 -0.105892380116684 0.232681790693278 2.48387384157111
0.273773607000818 -0.158000462046334 0.232632169313658 2.39894802351397
0.228991014381086 -0.148768638700235 0.16589244728655 2.58044686899785
0.0985802156428489 -0.00963277447225525 0.19137168010977 2.62004343182044
0.187024038942023 -0.118485956496593 0.146482814400074 2.68259147468611
0.193408727860132 -0.0968853616997976 0.192305951338558 2.57414079099877
0.178439786946 -0.304802903885912 0.225276625255695 2.36791173795217
0.221551299696933 -0.265561067804019 0.203823060581787 2.37902061408499
0.304457441046204 -0.431959243910679 0.177112139184873 2.40971021572168
0.16746782705041 -0.143895813575733 0.240397457513387 2.54938912368121
0.201311340425326 -0.268899219719322 0.224272163443201 2.40596429439426
0.228612149649479 -0.404423109429295 0.226774430568694 2.84037614466583
0.256242316856817 -0.480828383003554 0.165823672733518 2.5043352824935
0.451333621184813 -0.520589370191877 0.157335376031239 2.47060828510563
0.258012260190331 -0.335913646298724 0.195015306017233 2.44053676849558
0.309495110582331 -0.354098151324521 0.205458377532619 2.47716774769777
0.118120126165895 0.0373986734008478 0.226114168787721 2.96894830259753
0.0563915293268375 -0.0743533590287258 0.208493581868634 2.70476221803678
0.113554204039226 -0.184111468180046 0.174698777079552 2.48645386417981
0.170966505211314 -0.134888297236772 0.163761998169209 2.54168553773911
0.218800719237618 -0.304274363382335 0.176951545619919 2.59129721460289
0.246879101560218 -0.296931520771352 0.207954838696168 2.74166689150041
0.306501934307319 -0.30066879849827 0.221784342288924 2.49048042552815
0.0904625830062278 -0.0898644776377805 0.226930329998799 2.52718914990037
0.0559196244963281 -0.125840503823609 0.223435623193557 2.66347181397585
0.144142517939466 -0.181036500137262 0.204867498627805 2.58897842929947
0.012783841511927 0.115109825503616 0.193912658876103 2.64400156758523
0.474176349300735 -0.48482704711512 0.187915921196869 2.48498204584936
0.171415316552637 -0.22894297192409 0.189004772184286 2.33949669076315
0.18870697744789 -0.235726337611246 0.195062214935184 2.41523185633934
0.277028189402094 -0.328010590841717 0.171567285260616 2.46115375859335
0.197943713292435 -0.221935011340936 0.234732821508221 2.33461252474045
0.363899184362354 -0.366465321632908 0.18712118321895 2.68222066170532
0.147297835573919 0.0333569306073977 0.178912475323623 2.66223816979119
0.00527787783594632 0.0714986087811819 0.149218945301498 2.61798660620718
0.0702055949327592 -0.00369712090259268 0.249769549645787 2.4337402887026
0.256520105315817 -0.304892043513159 0.159300831963008 2.62210768031992
0.218914934986815 -0.241053274609334 0.163352721098085 2.61184361246587
0.0806505346626173 -0.126969529959539 0.198691008627345 2.42635406090733
0.262155696396864 -0.31696924647475 0.190130393785112 2.58912529049466
0.253946686719782 -0.366605736129312 0.178776325124289 2.58085723535945
0.320490402640355 -0.424761503937583 0.150067048958759 2.58703136637502
0.053315164751824 -0.0725577962630971 0.228388596949581 2.46583591781666
0.202586103597232 -0.146182659553017 0.217773910767051 2.37573815409886
0.347094685455239 -0.359582581096955 0.19189467972622 2.4828789968332
0.301054698590638 -0.183644218499039 0.223652438868871 2.71461064716954
0.143235640924375 -0.162788010640626 0.245680023883806 2.49557922034609
0.166027532112858 -0.315905703372509 0.234101465506187 2.2187445285697
0.161256387106859 -0.0702040151985727 0.223661243988463 2.42381115200168
0.216423421214696 -0.194417103507638 0.237152052148329 2.37103525833271
0.390102211978965 -0.295429022238933 0.185147617742226 2.79751761126674
0.292874191127789 -0.296631587293475 0.163223886304886 2.75441333379994
0.253134982562425 -0.205720149336934 0.196499428287941 2.21624132746953
0.179315534642698 -0.0853607699343507 0.170019717621985 2.66067065141129
0.301389547484251 -0.243054000143733 0.217708370035324 2.463916517565
0.248808068012284 -0.0500901091664584 0.192090491246646 2.73826962190802
0.222398929108477 -0.504571533252586 0.172666972401579 2.86994544350526
0.319628823003069 -0.293513616598534 0.2048044168339 2.58742532883748
0.389075555714434 -0.339062851275083 0.209246909260634 2.4920316802129
0.28948967496012 -0.255963350736551 0.210027293043809 2.38150664226185
0.117898209316896 -0.169403576636025 0.208494191404631 2.49292418252258
0.29854677221928 -0.194572568282001 0.21821044741223 2.74082473128462
0.376484913863753 -0.326442408377953 0.201904852290614 2.5122529801398
0.078483671504707 -0.0879093741367973 0.208176862785301 2.57049683213559
0.173603378703992 -0.315328496381197 0.243684958745613 2.52403498131957
0.211862674903704 -0.162953456448924 0.197403006393632 2.4838397855339
0.280374011749235 -0.345836282985143 0.155491579357251 2.56976550275868
0.317973148956421 -0.3841286841783 0.181593688023854 2.47287454058833
0.257690312086708 -0.265950356074481 0.204913889571017 2.67878774793438
0.124794527057741 -0.150172133739314 0.255675113806499 2.28614342883225
0.162776920071982 -0.138974423241045 0.190156368372419 2.48770256814345
0.150403920709964 -0.0175728682898725 0.190481825828148 2.49097946913473
0.212639936671803 -0.100161633981106 0.240996217106072 2.30491071968787
0.486858967015673 -0.504746303032704 0.130312462845008 2.71987340463071
0.301215715119889 -0.272674832792596 0.208591728164143 2.45692168962099
0.269039337200281 -0.128589306638817 0.205689189420514 2.66875653614743
0.0474198831512416 -0.0275274424876078 0.233270036808071 2.61524683537691
0.229905907636728 -0.316377548264921 0.189206184931629 2.71191988235873
0.124064870347463 -0.152242284546176 0.197465208444024 2.57789133455812
0.0844397727649536 -0.122040789536775 0.14292362786007 2.50837999857351
0.255762881537768 -0.0907129129548848 0.183949319899864 2.73393843820186
0.246073247468743 -0.307520556922089 0.199517017030333 2.56835343740203
0.134037287802404 -0.227083171740268 0.173463809498135 2.48758712813789
0.112532863541402 0.0819667413900701 0.200599023231026 2.62727234798735
0.161694592479177 -0.0777153582683438 0.179615690811223 2.26599071760129
0.164019432831507 -0.0759543884922003 0.196192123247871 2.71930767662599
0.323779538165142 -0.399651142461502 0.210282665036859 2.40131789167527
0.258099819354453 -0.244675910236181 0.200208135261877 2.85766167560843
0.187710520347864 -0.258758448940963 0.179033400679621 2.61331850713457
0.135398372643806 -0.0642386885047507 0.194940545946708 2.36645703805716
0.298441229657229 -0.152208376294144 0.194483581280894 2.61495401710034
0.0703121901430186 0.114005947168416 0.247252661502838 2.43207971735039
0.154525628125945 -0.086663638554542 0.212546272180559 2.49527037347302
0.329008390085691 -0.251137141366442 0.17242491424101 2.74458631754727
0.0887529796375874 -0.0717955657323751 0.16376854648079 2.54792744146144
0.145316963488937 -0.16865246985741 0.232632743512022 2.47653242570927
0.0554651652402593 -0.124246871853982 0.147440469698111 2.52246395630606
0.216253977933474 -0.136912198784299 0.214175558352782 2.48166076609593
0.292866698096168 -0.231208522724979 0.191658527508795 2.40251133231701
0.22867589685801 0.0197874877512214 0.190519035832762 2.55739899752481
0.184770267980624 -0.292532535105142 0.196415089410736 2.37041770568157
0.264664067859564 -0.249798523266814 0.235043290538874 2.35198149640681
0.189881433141118 -0.230283875458517 0.233761538219173 2.32943053270253
0.12636317624743 -0.174610660862227 0.190392654813213 2.62271257116029
0.373547534114456 -0.379205854303785 0.202537356762921 2.41458755428816
0.221329970799773 -0.157716337382193 0.177699844612743 2.38436203175981
0.227888713572571 -0.359564756472368 0.200038708668774 2.37638520404407
0.264336790596015 -0.153126613398883 0.176732834187617 2.6802449910308
0.186087982925615 -0.305609853753117 0.202374018376295 2.52350760582558
0.262093645669902 -0.12484797901917 0.223817437704792 2.55614190383748
0.0888598854441875 -0.0588555507162236 0.216210701581875 2.38801593938751
0.124433169773017 0.0366037317520603 0.253234322950929 2.71610616948948
0.136376786898732 -0.11226555120758 0.250489021247924 2.49761562508658
0.313649386742595 -0.239669894665081 0.169349239356991 2.7110579165918
0.169619075873951 -0.167684958478507 0.186163130870933 2.62482146388571
0.306505728813206 -0.176613249804866 0.219171758335433 2.72885401627709
0.125750457859474 -0.257469293753564 0.192757680328108 2.72039460205277
0.319653881697474 -0.335809445762278 0.170656234441111 2.34614689814164
0.146276031064567 -0.195981116245662 0.182434579423263 2.66028098890428
0.119088695247545 0.0296584287306175 0.226872413781647 2.46919889145582
0.0946413599597435 -0.0514464411898763 0.210158475018362 2.64207721682772
0.0577480565612182 0.0783250534707804 0.234844909734526 2.45743741605048
0.178299058063914 -0.280181885508771 0.217287636919498 2.39463712413943
0.135416274212661 -0.135749950608168 0.24731346847803 2.37881993261871
0.140862086452886 -0.240865923818917 0.192344079036587 2.62917454535494
0.157534005891377 -0.163554839843188 0.180273116390454 2.91697194323013
0.124523056182212 -0.0477240485233413 0.203511751508245 2.58544582574729
0.300153394908776 -0.344933010203 0.224565534929018 2.67672334791612
0.1551355629454 -0.0512685045607458 0.188165169112551 2.47184625691595
0.356026198315614 -0.352944917771667 0.180542838506922 2.43776699942353
0.260438302700885 -0.186861782174222 0.153995246849158 2.8237774711468
0.203771112414016 -0.253262433122752 0.196800540067577 2.66913654831591
0.250890043598117 -0.180440643233116 0.200486423619222 2.47498649750755
0.100261458139158 -0.158111135704614 0.198099738584229 2.4616653198748
0.204701873038451 -0.189373108410723 0.207696426816753 2.49136461421317
0.317869279407757 -0.323158880933329 0.155414546790658 2.35908629842287
0.0845083069695109 -0.196820493436021 0.208394162542401 2.71622761881446
0.0638165598606142 -0.0246799982908365 0.172339538546067 2.60569822478206
