0.291647374190064 -0.136392896292035 0.222097989049551 0.476601266026118
0.441376152123771 -0.773802943151914 0.211940888812511 0.493375434638966
-0.0261839161421989 0.0153070942308169 0.219941987106489 0.502430873692072
0.156349135734211 -0.20033069332096 0.196954252687995 0.509324698434096
0.107433356760342 -0.109041030494983 0.200718117137944 0.489627950689699
0.104823121123967 0.0978856137330466 0.219984490668754 0.540723675183745
0.392379239940278 -0.422772698239222 0.225376470483955 0.497161491905225
0.1100320275606 -0.14279048562026 0.243737005500049 0.504228682327828
0.0944967038458678 -0.0675221680465995 0.184839911180291 0.467900681673874
0.0943427148770487 0.0916727198649938 0.187389165193495 0.539394364825951
0.208916508703892 -0.169048980159183 0.196875249242021 0.532577739265265
0.18911135524637 -0.231890391006578 0.167179172587349 0.478024813851137
0.219080362587249 -0.23505612498195 0.16809020411023 0.531573162295725
0.359002750676173 -0.0932578858968083 0.218190307165469 0.507293577282744
0.117042431725065 -0.214806377668177 0.195178919956051 0.491436104918284
0.328694345874096 -0.173147063535678 0.214729663833731 0.494900293411588
0.357269094223541 -0.33878855765872 0.214719034936037 0.51916894711205
0.0565245229301244 0.0872039438905039 0.174058471681583 0.509048947225274
0.312057212564692 -0.212637371585614 0.183349910862481 0.48145340386106
-0.00972401055988785 0.043238405248499 0.183765236625336 0.486781341962223
0.274570143237338 -0.536025887380253 0.127521970519199 0.557608833225253
0.0617533638264785 -0.0540987991751815 0.188602236338412 0.496706046823219
0.138025748352333 -0.299945628505538 0.208601475372939 0.435793825995628
0.170259359969987 -0.125128623522481 0.181274840571536 0.493308464283163
-0.0719627845738795 -0.0871591092849954 0.161197772201125 0.509219741012059
-0.0347801592551404 0.210529989324421 0.171476338314764 0.526194143591582
0.233283258961223 -0.127694175905321 0.236856256240041 0.493392064990692
0.120343629991848 -0.0782738478809443 0.179834864688441 0.480235968560309
0.229812896418969 -0.0372914607617205 0.234067655147431 0.490079907381741
0.146799549805255 -0.0100001915639104 0.197122884417948 0.524992724310353
0.286893079315951 -0.416651297723032 0.226513838487737 0.46130149500315
0.11923735050015 -0.362264547488414 0.20819647100788 0.470193996997427
0.177486318529893 -0.416984642228962 0.197314591099705 0.499995248654244
0.293609405151849 -0.399890265191553 0.170740324879526 0.484732932014858
0.097968506248095 -0.0910144338852521 0.176612557236303 0.496654858397217
0.159115608713837 -0.0333965984175304 0.153826388294015 0.561660400887447
0.0920254511089567 -0.180585228855799 0.172298474360782 0.453287288381691
0.0912551240091629 -0.147711207264404 0.218210198201617 0.486761634813655
0.1745251359437 -0.266630128340792 0.204697631842175 0.49823370623171
0.270367081258411 -0.221697164525345 0.195450419765442 0.50537500365234
0.141385899854719 -0.0270248323836591 0.229933757009221 0.44982848108672
0.0584136972744816 -0.0319808772407749 0.197218825376544 0.46520825610213
0.188481883024992 -0.354143942545377 0.230097501489286 0.512859884019631
0.153832791792007 -0.191860879032755 0.192863291841778 0.497250123619562
-0.0229828936223288 -0.151571854190003 0.17081047246229 0.505099633503135
0.266762175208866 -0.197437152196106 0.167357949318282 0.503596037067756
-0.0200751247756327 0.0625289988397468 0.171995694196851 0.55993992077337
0.290678511747819 -0.280854656136415 0.174814563300575 0.495860458411712
0.278402409195634 -0.293649053938262 0.199102839230153 0.469666306546672
0.0726045672301384 -0.120778686531765 0.190560238694128 0.506325594223562
0.32958333874703 -0.316699613670833 0.227241152196865 0.574642791125573
0.173011648849504 -0.161116461436091 0.206036982321255 0.47768178061715
0.156036309811603 -0.2269029480918 0.208504616696554 0.472764236249129
0.0578544583522422 -0.190184139218989 0.195927193202003 0.47030292167248
0.437786449965983 -0.427042107054169 0.20120660227371 0.524314759544355
0.130885919077107 -0.190301980258303 0.145993040267299 0.500431899837261
0.292790335877126 -0.365255296542526 0.21146799963795 0.465071287311066
0.21596199690522 -0.114936868860053 0.177460748796485 0.508524422230875
0.134762441546131 -0.151423177656838 0.197577680824313 0.474264311097066
0.339007973761695 -0.185279203189063 0.168602701184386 0.499532355397975
0.304796023521438 -0.243621639434668 0.232705859792502 0.484897701087136
0.182918663492384 -0.0111639224851459 0.165095859414823 0.484889154389386
0.145150263700395 -0.191087128215417 0.190551617557633 0.545741087298326
0.254154317555292 -0.197982364768355 0.175071528619277 0.506696662238617
0.0357477662844888 -0.145526569592673 0.155155025472019 0.500786187958444
0.181564851226574 -0.166979706626435 0.18033012740019 0.51443838693253
0.155644472957427 -0.129285138472 0.193068663356728 0.494099004589442
0.340053303437891 -0.406023705201882 0.191489530642891 0.495749006514838
0.0172667034562305 -0.157579894840701 0.19450585970696 0.530241692338553
0.246714673394356 -0.139293960152694 0.157655543802298 0.541963405333362
0.206319484264423 -0.175416715036709 0.210832077194904 0.503811962058587
0.31118141693391 -0.313893773928006 0.199368466622543 0.474757630768374
0.194794008502745 -0.182011369707947 0.211153375724456 0.502656522805369
0.202523203308238 -0.252527258671013 0.158391123634331 0.502791934454529
0.177613582925365 -0.25417452437665 0.202393556014533 0.477992554493694
0.226436948628271 -0.187185177020075 0.195985891006157 0.513155854178502
0.454634732267469 -0.531854306021085 0.187566040789186 0.529274940445619
0.420695924842498 -0.390473946722251 0.182043903174945 0.50344688042074
0.279355375867622 -0.280346866138022 0.187179381019595 0.503881485803807
0.205142109784658 -0.0545130090133684 0.223966569475822 0.482768732043499
0.341880148423895 -0.0188802779427843 0.191605372922446 0.516481430090056
0.309887177613871 -0.14751144405613 0.224340806699235 0.505456847302021
0.16499622486686 -0.148581504608555 0.175127898488349 0.4918551948239
0.239999550855076 -0.24956805725869 0.214267880587838 0.456933932506734
0.357296870291127 -0.560574032614183 0.182745250713899 0.51045156546129
-0.0429638592336349 0.0724451060212264 0.181714538343812 0.490050007354494
0.0415255952268488 -0.0815266367337234 0.224364466590425 0.518648352703719
0.308654137820784 -0.480405678944372 0.226076851963293 0.477774447038598
0.032284072219228 -0.207410952969595 0.212772038087457 0.496611598323837
0.158185795798525 -0.191981699477512 0.193440828484489 0.456993053143711
0.121258773866305 -0.252969180811136 0.171138474509792 0.505619731988869
0.275750936269303 -0.412155670224612 0.154021279042837 0.505874058224371
0.3018344191634 -0.337220524397591 0.145882838859877 0.489787077356687
0.516302843102513 -0.635047692578991 0.166969691819243 0.545724670792422
0.269491500914511 -0.141301006990595 0.197961007464828 0.465323700560998
0.20315777541578 -0.325954021794184 0.246867538710542 0.538358976693628
0.336497663017253 -0.378536542510712 0.161750001073341 0.501900708212711
0.16900653784939 -0.0907447440593019 0.217758238461426 0.502765099310118
0.296918961279939 -0.272886955994823 0.178616736244458 0.500795464065459
0.0614835148582437 -0.0546815902242627 0.162877025756065 0.533902682754116
0.191137229510733 -0.127679109065297 0.217879133080643 0.501373414188881
0.117283079517076 -0.214596955709379 0.240782223659271 0.476310517061455
0.188582983607591 -0.240122217072878 0.176091335804145 0.541442427096358
0.149763661398856 -0.129905372679634 0.222621365327337 0.519545364596093
0.0791288984478238 -0.130595487397104 0.141944489111025 0.492429889638302
0.217257765961464 -0.3201910435097 0.190006669569905 0.449637477747754
0.321275788943571 -0.523876303256609 0.1693056132885 0.50902787679253
0.161396127506996 -0.203201218954667 0.156782541706321 0.539140122878399
0.200120324818314 -0.217252284908813 0.192971710995636 0.492680337249933
0.178487279574882 -0.150934586458006 0.295320931379907 0.488765748274978
0.107690244930514 -0.418610739497769 0.191085616368932 0.503677665333831
0.0833967665174122 -0.13880756918518 0.242425099484668 0.50031256207479
0.309452603461547 -0.400325088983177 0.183558122044883 0.475074143099469
0.323182279313326 -0.258630862904063 0.201588892059287 0.512687557993909
0.102923238764754 -0.0632575626006037 0.216338079501686 0.51653892848358
0.274686199022966 -0.319274932759469 0.200975229008221 0.465796274958141
0.288081674785419 -0.338473495732721 0.203315037617564 0.492079490366577
0.0659015506431364 -0.109892475189332 0.16738418566825 0.514790437282009
0.0620564218567778 0.105339634955762 0.218699887105884 0.487330900160409
0.0843757650972156 0.0855703339390278 0.241136277073534 0.510174413737172
0.326660981614314 -0.370213075109693 0.165326913889297 0.46818052859793
0.314564211987797 -0.185425556072329 0.194535364076618 0.510639195786532
0.198156307181735 -0.0437558210171353 0.194213624356444 0.541529811367914
0.241742072479985 -0.184687161517212 0.210463730883515 0.497141853211538
0.197742573413061 -0.365234433046364 0.208251093204408 0.503832527120762
0.0982758116419599 -0.138602004032503 0.192832651609027 0.494568236639416
0.113047594481979 -0.239706910192933 0.211649898079508 0.483437421278041
0.19586550289426 -0.126612258196073 0.227559354288008 0.477764876809943
0.0773314749865261 -0.0809406986067277 0.180539105535397 0.498279096632269
0.0974159015448628 -0.280530387759653 0.198038764962687 0.484183668504132
0.0488009548143168 0.09022066021384 0.251348208831753 0.486789786241505
0.216050853764652 -0.305893868143763 0.205691150895883 0.478402433271838
0.384192914578 -0.220051366557008 0.183432908299277 0.513058141394887
-0.0216021784647093 -0.0507602869369022 0.192211200311369 0.510712620684331
0.0878674854873887 -0.11339363442006 0.218173939812812 0.481881325420537
0.0979559307907737 -0.323058470968724 0.147401743450885 0.549388904904819
0.0742527776187038 -0.140347369646855 0.189353577365969 0.486697877762535
0.352978042009884 -0.464476827719313 0.18361519803396 0.517571767688084
0.196739623386467 -0.196431615890976 0.17392270566054 0.480735731671056
0.213001591022252 0.0075898053193147 0.241177542040649 0.48420767592333
0.112454084688884 -0.341929860528713 0.144515429470227 0.514714076935951
0.0827755242775022 -0.19085147255246 0.177529924148753 0.550246358336815
0.223994630802092 -0.219128218700656 0.221032336768555 0.489846722200385
0.132375767214651 -0.149975043939968 0.253723044573007 0.484963634751087
0.325489279199618 -0.421752158743927 0.179558336547588 0.557024741699439
0.0262350078095368 0.0718779874611566 0.174120404264594 0.505456339896767
0.157488126496646 -0.32618217170102 0.18343888089868 0.488604653923976
0.274180290336581 -0.10296573287382 0.209647043344003 0.494685162595279
0.0835474104795732 -0.117012914961203 0.230911610204357 0.53673022123675
0.131802014015826 -0.23802717800924 0.214580242408879 0.513006163895435
0.236382980140762 -0.362714140148937 0.175345964455752 0.488732169176513
0.190095934071125 -0.159058421162675 0.175651704071422 0.503848151239168
0.369972277615825 -0.320051624872591 0.157401018292699 0.535625529901465
0.194419685972081 -0.145375914651023 0.194306135025305 0.484501445784337
0.30705048816164 -0.23905671526413 0.159224368442541 0.56251363999663
0.293030398532493 -0.331091813588138 0.193793781434867 0.500096909771906
0.095339366808603 -0.0426751651411635 0.196629543331304 0.497327102230988
0.0170154582191232 -0.135734251863815 0.228105450111882 0.537912610393047
-0.000641242077719514 0.225496475692407 0.183636865371346 0.513543752881484
0.130579118933868 -0.365503853858548 0.182188387264581 0.50492675925105
0.191770994768748 -0.0627545972143085 0.284916416364741 0.490472506724762
0.215757116681116 -0.250338260086612 0.196347625360746 0.497778853657946
0.294713499729992 -0.402858646287061 0.194070986262343 0.531364842288742
0.0714809940339308 0.0476793151061989 0.181493240426003 0.532379094685118
0.176055886870118 -0.0980326882004513 0.174774938483458 0.470134746359037
0.263878830510825 -0.117871258884372 0.180990608955105 0.489448545049623
0.201193301236848 -0.0501320840544849 0.193478676254402 0.535684583806319
0.0865064463927 -0.0372253013475298 0.250851131832614 0.498969288693337
0.144507679468761 -0.344928743169147 0.162934063464998 0.500026722965628
0.17725309799788 0.0916464985015709 0.188641587111627 0.496178750608582
0.269363802963213 -0.189891044135032 0.202561635624862 0.486549024030746
0.281176045692373 -0.440468311335121 0.19670571861781 0.506847609728606
0.240602951972342 -0.276926909903097 0.175093167317156 0.469536491917349
0.0888152258775273 -0.276208929557166 0.227930757960061 0.485410100490181
0.169959908971843 -0.184179711082996 0.236009932554251 0.500037742502433
0.146400890101301 -0.0514328112989973 0.190265595055583 0.519755899675374
0.0972858259202746 -0.439865863859137 0.193106822422429 0.515073510764023
0.302109779530714 -0.0945440637532917 0.183913884976154 0.4902600566924
0.347038078913909 -0.317776005835174 0.171160888384475 0.518671709038917
0.211247881415876 -0.250484634997889 0.182496894101268 0.496337463640737
0.372201797124466 -0.357398687553496 0.169559703696185 0.540333226252536
0.260003096459992 -0.443850591093339 0.218906938364269 0.501244169460883
0.201915541044725 0.00170887565179197 0.178131189473229 0.475151880513166
0.0543465495046942 -0.118678887536747 0.195329177808041 0.501903842914271
0.082126252237457 -0.0867611482530179 0.210140350376348 0.504019422918611
0.147972038338219 0.000985076964609394 0.235108038920013 0.491785699325478
0.0973476887373399 -0.0170073586241477 0.22409738137126 0.534373890745704
0.184440477558141 -0.223103780389948 0.229195861344279 0.486641302329841
0.194092998556981 -0.136519718939388 0.204415527240516 0.518483723709689
0.103979315364069 -0.297806526746375 0.201685334959992 0.554308920491833
0.414149023641367 -0.2816375202125 0.232397772082704 0.515729288991392
0.265208566943221 -0.191964630848238 0.199370812537773 0.475129140719119
0.29793527665257 -0.148950453952702 0.216967146868078 0.533500846186958
0.182967114463372 -0.415258418611592 0.194641887554267 0.532127438574822
0.21330673460344 -0.0786369343122064 0.189388674716284 0.524904558784247
0.18331213603789 0.0643009298109151 0.210543832779959 0.510492482959827
0.285363815210175 -0.388073371669956 0.249503680081959 0.511584904510186
0.0488575737309104 -0.0862501221944094 0.196980027445497 0.554585665088235
0.135973049279831 -0.092541284756212 0.165373928384368 0.500802173206661
0.297303746159634 -0.400028891592675 0.204982258436488 0.514561232857334
0.24594017982157 -0.275253740117542 0.226308387230406 0.491909165777144
0.204026229669465 -0.156510683536002 0.184332781530072 0.507909585294985
0.0561339263113187 0.00305045127818916 0.182916787189519 0.535770567100622
0.183137560998001 -0.141215639234566 0.174893555932431 0.504055125190874
0.0902172990060265 0.0597073854599701 0.214244103569464 0.495881083995413
0.292567197079946 -0.491040835588289 0.224562459960974 0.502282318857032
0.274309910224187 -0.321596878382178 0.171125346373789 0.511535743999102
0.0885838260400163 0.0405570537116489 0.211105124379729 0.502380655375023
-0.0559853969478041 0.0989129305894445 0.213260230540313 0.484131129977813
0.218275935512777 -0.0858646983405442 0.168202191420917 0.513167945449361
0.170600668592331 0.039984242958275 0.17872493304493 0.495216437431645
0.123988718872453 -0.175278074226597 0.207134459976877 0.497032340023345
0.138756147181978 -0.0536814218790317 0.229322117140383 0.479934940984484
0.288384386438979 -0.17054896695084 0.202403491503595 0.497877353023401
0.166773540795562 -0.23393518578094 0.213886747962373 0.545648576010371
0.164226453544324 -0.299101835046162 0.191203810275535 0.503307437586476
0.509884733490892 -0.703371461663705 0.200263371275323 0.489558522399039
0.0352923133722921 0.0550295742611375 0.167074910845066 0.555245084088588
0.216917017693556 -0.282768833257155 0.254608971653878 0.458152977489055
0.0143705686557812 -0.101651341088228 0.188247919430206 0.516773254326984
0.281129799206453 -0.15286045581075 0.198522331924513 0.516297338561876
0.220700845685331 -0.254134970120557 0.242207700634198 0.504570353423706
0.367979394663705 -0.302457567515396 0.208790777673951 0.498688765687016
0.154364563444807 -0.0870703925794659 0.164410286843614 0.489547853472882
0.290356206696584 -0.288550191942903 0.19692538878228 0.507339607851284
0.167884813922301 -0.234126317369844 0.184588459945064 0.526302242143201
0.319358558203027 -0.390916621701878 0.184644954857721 0.517286263613566
0.188310243798413 -0.275982386081123 0.183679407897144 0.520286283955496
0.129482143655806 -0.221714551976465 0.208725468091665 0.460078312386435
0.0865595985346106 -0.0807278571817672 0.203216423161444 0.537863403467348
0.0128336813162285 0.0515237984959806 0.292637965327634 0.467965641432927
0.177824126845084 -0.389118689467348 0.223199923175456 0.503024516416013
0.169037699172005 -0.210064535312794 0.245391305531242 0.498707408560938
0.190334134058901 -0.0854906040722404 0.191632081500376 0.487118168141652
0.317777652145403 -0.357829233732964 0.221015378276405 0.467099779731257
0.24972372951312 -0.455249113768497 0.190856134997299 0.498133055987991
-0.0398778654965497 0.176654766187206 0.142273369171337 0.503344143310383
0.204279870577655 -0.0584061727397987 0.19668325659248 0.494685652264649
0.41790018262411 -0.417606687841957 0.195544979054625 0.487696939618462
0.342743519932985 -0.374112573596854 0.171937632280874 0.497833108756778
0.0639387973658468 -0.00831160052966018 0.18144166439777 0.51940806556171
0.279127047320191 -0.229587980439908 0.167310309950284 0.535555863719682
0.243897099568032 -0.227070869367336 0.188170691866391 0.513026750428917
0.0333542396571379 4.45445823994853e-05 0.159455559022507 0.519801785317965
0.125640427688238 -0.0836110481561874 0.223069711756915 0.494098169489698
0.161463867172096 -0.0391461215061792 0.214457785400191 0.514400240309915
0.311557222687326 -0.417292993718469 0.21102078605908 0.497737230292281
0.240329902595844 -0.127638946260742 0.178403581793186 0.500346995453075
-0.149398509580731 0.179678871398356 0.263844837363324 0.468546399442565
0.279590221137956 -0.113294745486443 0.170507103622925 0.496384863693212
0.174358335222814 -0.283874134217568 0.200788112829164 0.511617995764982
0.218743763078447 -0.317569799468436 0.178752752038426 0.550951586761793
0.162019452307422 -0.176603254227571 0.173963945258022 0.517215756779612
0.220955291693606 -0.167593217497988 0.184964555942191 0.524981738263351
0.235998760553949 -0.490423754902239 0.195548278761039 0.488333282366875
0.0931634241351644 0.109208110406907 0.193860045785533 0.477212231996092
0.0964225810725543 0.0311262940195866 0.198565592206002 0.536622414236288
0.251167649787155 -0.309626241785384 0.145124093354351 0.533254624375777
0.279541317191693 -0.356219679435169 0.209518983626596 0.514798248988304
0.187500277023111 -0.0888470508623743 0.200105671106202 0.52178454645744
0.156999769635465 0.0625606417599175 0.189619375334699 0.495234525307965
0.372564463650958 -0.382367768406164 0.194890250612622 0.510052285464852
0.0763299612942728 -0.107719377816119 0.204364563046193 0.507964936786433
0.294683405294684 -0.0309940246701025 0.170684275016538 0.512210118091005
0.216576354641138 -0.163621524841551 0.169227890347429 0.52217841398248
0.328354407756741 -0.526834649011221 0.192212296402064 0.512006283081446
0.377648616874035 -0.497867977390119 0.209224320723469 0.476734509674085
0.133614459014983 -0.290480341665701 0.217361713184318 0.505982594342817
0.338214164077545 -0.330226480504501 0.18692465584882 0.525304376995039
0.387191353688681 -0.504321334066865 0.192778576639106 0.540174401048233
0.280629180205148 -0.107144398543409 0.17079907575296 0.577561828026778
0.095871840093829 -0.153978002005729 0.165155609183497 0.50379888721518
0.242078416633393 -0.33281775842688 0.185986679677486 0.510823584921723
0.108387191913835 -0.215440050490603 0.235133098406004 0.492982295335587
0.549806223404124 -0.699149401918025 0.188535757419972 0.544165236983585
-0.0374840270422931 0.292916571757969 0.203383006773995 0.527869449115381
0.133201869996257 -0.0568337413850423 0.191716111527445 0.544867683697288
0.244956634548454 -0.276297436548769 0.198833162382804 0.504300288660035
0.139792881061348 -0.0624033434425376 0.237167925983235 0.469886345850811
0.160832803323684 -0.0143337238914718 0.214226012426719 0.473488664205735
0.111437927785581 0.140735393118929 0.198282008893878 0.519813215793909
0.102166182801921 -0.0846640799939068 0.210565109864529 0.438048789631327
0.137136938326873 -0.23111703048819 0.224596284246764 0.489720422582856
0.381917470948749 -0.262490616712299 0.188206086050559 0.518334757895823
0.275242043810751 -0.407020777806413 0.197198659837711 0.507756957002729
0.226232198957773 -0.207582990102039 0.236004991999161 0.526446208038558
0.30032824185014 -0.268908678534259 0.204459937096131 0.490879391496948
0.0497062296281005 -0.171444748203875 0.179229432072102 0.483763512103189
0.191669500200051 -0.131062054035957 0.162169054101992 0.575678528996169
0.190105621730867 -0.334376066328612 0.239390746172731 0.465632055910926
0.173465017396797 -0.0629180129587061 0.209684235416567 0.511322624900431
0.077046662719588 -0.123811588528326 0.214179017590817 0.483607732941113
0.00531337033719839 0.0125247447175515 0.174082666298028 0.509165959128054
0.156115274367907 -0.0924293998466089 0.151517557193233 0.521918586197904
0.0908988747102591 -0.116076831636106 0.173052432964289 0.511492827647112
0.272873852072321 -0.30879524826189 0.188748957363969 0.503995209711648
0.105191624318086 0.0579147678674277 0.166967802961505 0.500445158628177
0.252738988095515 -0.280088537549425 0.170239266927781 0.516888361339002
0.325283397104739 -0.43911582798011 0.18019582154112 0.504376689761153
0.115189560152955 -0.173110702135435 0.179616406372164 0.531585073917477
0.234025283866585 -0.165726960926251 0.205377183549646 0.536635335720971
0.451194701947894 -0.424071225847453 0.236471929404514 0.482596283332132
0.429257374959865 -0.392562201278764 0.188887933272691 0.507409614821607
0.198542237969725 -0.292104494269439 0.21274180033824 0.490046026378322
0.321029960610053 -0.305952214503347 0.207266840022604 0.438106540386069
0.119492796168573 -0.044871397956494 0.211738015501174 0.549497620427442
0.221743928424712 -0.200246097491227 0.159148276291991 0.532316534655959
0.187318246275239 -0.141673889883004 0.198064796524769 0.499181980426659
0.203306093326672 -0.323131438734879 0.173733378468115 0.518898996419138
0.271033080536638 -0.166115472189362 0.18882789146804 0.482546716426684
0.198248291816632 0.054052397238001 0.202666057576844 0.533164188470462
0.0041367607247754 -0.0280901669706819 0.235385820392845 0.525573617234103
0.195210962329116 -0.349580337702309 0.19404295303822 0.51032683278303
0.315558506518771 -0.19234383557946 0.233762669967626 0.445179331603971
0.172604972642814 -0.212074413902213 0.151557288542315 0.419102296935281
0.24497260583616 -0.183390204706959 0.19177827636687 0.466855769475565
0.261690768293351 -0.000158393003163231 0.20073397360967 0.520070933106453
0.254827171089598 -0.149101215962963 0.251522416210944 0.456280508407322
0.215124012516721 -0.326158635752596 0.215674772583633 0.432690182155489
0.0295274930970186 -0.0837144436522076 0.262249190931872 0.497355984797304
0.114803916176542 -0.0156931693813298 0.192067531578047 0.48477738382428
0.167576399691832 -0.195353342411727 0.230254091314017 0.500060368668583
0.264478599026714 0.0525749492365908 0.199685583685562 0.50501712070625
-0.0456193291324187 0.0765835609075151 0.179900791017697 0.509652101020993
0.124553287032285 -0.303637777177046 0.172362124387763 0.514511874464881
0.16154113870549 -0.157930879668734 0.220103022369717 0.488466606371189
0.277498127730438 -0.429838449910629 0.178519804739585 0.48814660379049
0.268674973399282 -0.144007858296392 0.206128492928625 0.48175363611349
0.159597795726595 -0.0626864528092918 0.222820337029346 0.522750990164146
0.202684225002873 -0.0215627354130473 0.226453591452682 0.477783218914091
0.0458991257977164 0.0832015884307658 0.152973085774113 0.510860259409899
0.193257933320701 -0.133917719772445 0.182325578069926 0.489059385923362
0.0862978258037579 -0.13111113726763 0.219794141508349 0.480464869591294
0.121810949712496 -0.0181133322707279 0.171072112229397 0.518375027805269
-0.0274712804889694 -0.0322308400838412 0.189618395885691 0.51777533559068
0.145873752367497 -0.368906918770583 0.248663922908048 0.498749825814662
0.106258993673086 -0.365922180903812 0.164723875033994 0.514194145600838
-0.12360749282754 0.167062393426782 0.194408974304074 0.490244781995532
0.13962595292913 -0.111570894960672 0.148041442948923 0.512399225310817
0.299115901001737 -0.583109090628158 0.191895662349496 0.470762480510401
0.0845090155488905 -0.212575845663697 0.281613615436264 0.460052300512353
-0.0710066359147442 0.200222252946529 0.193618736573258 0.493761819423556
0.246563018181426 -0.291833591831252 0.202051681411217 0.510020219310337
0.196130529047756 -0.0969711000441679 0.232674315521671 0.498339409247645
0.2953049903514 -0.151726619879902 0.233708393848347 0.48110648703657
0.222768867251881 -0.116447759735036 0.166111573336744 0.511901398726345
0.0725402940384832 0.0418374567875374 0.191162133934123 0.521720155445798
0.190684300780771 -0.112372948892158 0.146135200401431 0.532186658148186
0.184288564965397 -0.0490271859793319 0.192174362027874 0.512519724885857
0.232006758452737 -0.300551957774284 0.203785687042848 0.478989879129328
0.334160735338558 -0.503623745293519 0.177275003932777 0.485089409683084
0.163740916055762 -0.139189106755602 0.240897468897841 0.505643644117883
0.198262057509389 -0.277120249079753 0.224504442473201 0.483600303567952
0.263838506125042 -0.547134010051252 0.166572821673608 0.500034427508323
0.283193213692921 -0.38824994243354 0.194599349728092 0.491746856529106
0.33040572816524 -0.391133898968926 0.205656630924123 0.497442937185616
0.0755448030634259 0.122758751105792 0.225793831318687 0.577749604274397
0.00807018284088032 -0.0386173522559079 0.208327130705978 0.535242313171863
0.0963424682718615 -0.200608738784162 0.174478938616908 0.498836913445287
0.148711528912478 -0.10496794515787 0.1639779961957 0.505332345340548
0.259907313637201 -0.323859439267797 0.207602409232321 0.541800746329975
0.34479286026084 -0.333738340654048 0.221147450303243 0.501861120521632
0.0405993580876441 -0.0358771519825618 0.227302456791283 0.503046532866756
0.0254557909389497 -0.121606613762909 0.223845566527066 0.525308423445241
0.121280137778179 -0.166237264556317 0.204317224742709 0.51724395002354
-0.0469635879795472 0.211649862317195 0.193870870104386 0.525059461527618
0.549521281890371 -0.55366245785042 0.1888522283481 0.496519738107648
0.162133540699212 -0.244395814693193 0.189289490417046 0.472163348370722
0.186057881991028 -0.257773110130702 0.195525107963368 0.483942019635775
0.299736812502866 -0.382820333392679 0.171591027618623 0.492848357532874
0.190664358315066 -0.208338079171296 0.234361055506772 0.473801462729273
0.42795240040821 -0.424036824894794 0.186464709957592 0.535380760307328
0.131418329305575 0.12762524679546 0.178753331806505 0.529517848248103
-0.0508541563894851 0.154246493385974 0.149417152813245 0.52132214300101
0.0477529636081384 0.029569306614386 0.249697739068985 0.488713195914822
0.260938347403545 -0.310750346467071 0.159322839717861 0.521733252488963
0.198840377082824 -0.220955118064701 0.163476312412149 0.518395035937907
0.0373949172396815 -0.111638874296658 0.199791979099266 0.485062212424258
0.28148250247539 -0.344359802085328 0.190545567692909 0.512454792544071
0.284847305387987 -0.440457492265191 0.178037250053059 0.517577799201345
0.352092038239082 -0.505619174240489 0.150437907747826 0.5156755738104
0.0150589530907292 -0.031521415239093 0.228356619414689 0.494890639246339
0.199710782541775 -0.115246429589453 0.218450455652387 0.476895912841979
0.391116182209527 -0.410819005309641 0.192445951438366 0.495209076029878
0.344525709474463 -0.198762494457833 0.223379266809065 0.538284837949318
0.129754502298714 -0.147993666486423 0.245031340633725 0.500907596180624
0.161253215665793 -0.344853603137141 0.235643914990994 0.44909649765905
0.145811043118064 -0.0334513727318605 0.223139896770663 0.490183263914305
0.205374714346268 -0.176534881817597 0.23738464960327 0.477775283867717
0.446921247715518 -0.311739297363361 0.185760420371709 0.552026662083993
0.302690977496198 -0.306549553976161 0.163540509255603 0.539644534345572
0.26768628309076 -0.219788902252289 0.196959575774864 0.451004365392513
0.320181610939998 -0.232031932545681 0.218086319640658 0.493819697032304
0.242008663058327 1.17668964697649e-05 0.193529420932569 0.539339844776131
0.240144702738731 -0.626448280367863 0.172257502683837 0.563771852780998
0.358973696941136 -0.319811007755308 0.205496255831813 0.512952162621388
0.439364704346111 -0.400589913181157 0.209274600288635 0.502560833953813
0.297717666716422 -0.264075912598767 0.21055922111073 0.47888786407303
0.0858895553060509 -0.14593932965018 0.208736144873081 0.497722930766442
0.336940517352455 -0.211300455584468 0.21825857537692 0.541255981577075
0.424682098372095 -0.363267334185881 0.201899971177435 0.503015227990273
0.0611526259508113 -0.0721333310054806 0.207829632251124 0.51213129324084
0.158903355672935 -0.345885101587946 0.243265132832692 0.506158935649792
0.206266590531818 -0.133992928530018 0.19782001501376 0.495928101722106
0.301587491816807 -0.394540130749547 0.155253211559435 0.513179009538757
0.347448695264167 -0.427945294004277 0.181348041552944 0.498246263228876
0.276692957299975 -0.303635551259113 0.205069772387376 0.528515656609649
0.105793063713259 -0.125739209930172 0.256480347517864 0.462036792421288
0.160422568827309 -0.14456252550584 0.191129410106173 0.493872480164636
0.213729692391825 -0.0716107383361367 0.241814342798891 0.46539332377834
0.587969562724243 -0.626038229380938 0.130464199645337 0.542179854570253
0.327389836958356 -0.301850547136101 0.209419548428929 0.49007489876965
0.287504496468413 -0.10188527773079 0.205539412870587 0.52992142232022
-0.00187062298486627 0.0478867975296389 0.231968314897641 0.523037211840019
0.225952616074988 -0.343706332357581 0.189410769952766 0.5328564126636
0.118945490292103 -0.159255018341235 0.197873279972205 0.511377178124378
0.0329517348110133 -0.0725482497444102 0.142330200733363 0.504581797970649
0.243249194171647 -0.0346630574589983 0.185132707221616 0.538595835946641
0.261800176151612 -0.347867617373957 0.199287901841227 0.512652957518849
0.113034469674245 -0.215636881903895 0.173870401100827 0.496217504859437
0.115310874905386 0.139877334156465 0.200397544139048 0.524417194454678
0.143134720718223 -0.0374051248028693 0.17948736595813 0.461352940010578
0.141286101256489 -0.0287932110100229 0.195983624976969 0.537347617680635
0.373242060173406 -0.47615703167612 0.210215720820515 0.484562694026256
0.278647683499291 -0.255798909016329 0.20016889416512 0.559969967165191
0.191331156534531 -0.296324114750797 0.178559147337456 0.521148725457655
0.113344284996227 -0.0233355927455405 0.195063241260364 0.476718152556265
0.322423608630942 -0.139168129511368 0.194766204640518 0.521289455446411
0.0268470436807248 0.219612440661498 0.24718968866522 0.489712035047322
0.146904923089673 -0.0617618561976735 0.21205219442707 0.501260044621926
0.372359476896551 -0.276115565718482 0.17286154900642 0.541211171396524
0.0569353015287515 -0.0308488399286426 0.164217908604276 0.506420085728205
0.133636587046454 -0.151401799695035 0.233379206275552 0.494832538108009
0.0123238403074768 -0.0846183310879387 0.148128412913375 0.503048337780613
0.246389428071171 -0.151777655364607 0.214237552434902 0.498508746463385
0.310392098580572 -0.221979005535684 0.192393861377234 0.482745327193619
0.223600534036356 0.104813491271924 0.19122216668528 0.509228164647065
0.171927706240355 -0.298449130061951 0.196107212911236 0.479401904333941
0.300800430440397 -0.272778873082401 0.235476453666161 0.475235224851085
0.178109408588481 -0.239854064583484 0.23435948610629 0.468561991362239
0.108348144001923 -0.16901365718417 0.189550577878498 0.523629812554204
0.431956705889324 -0.446003424632034 0.202602787041766 0.487443732349128
0.205772006719376 -0.121505891117178 0.177624528799852 0.481359596702315
0.236549822539325 -0.409508963310155 0.199742060768996 0.480523988942619
0.282094177085168 -0.143993060211408 0.177430049281483 0.528935591999747
0.173396505728999 -0.34194999251864 0.20253951652749 0.503584505741851
0.285408687202376 -0.103365024391846 0.2240242961898 0.510158692616118
0.0635414652490376 -0.0274332992329927 0.217127344615342 0.478654627326763
0.0915478708203256 0.116796646981164 0.25334545447159 0.535620229334461
0.124116109595805 -0.0839697073651418 0.250858922653819 0.498353138374465
0.356418738560822 -0.248631090979448 0.169338828771651 0.536085704220882
0.165185470879402 -0.171976475660247 0.18596641439344 0.521589230277811
0.333430496796566 -0.166082466141973 0.220048201440021 0.538641539284556
0.105579422470261 -0.288219220189612 0.192494143003921 0.536951943776543
0.360345022018275 -0.391250240597132 0.171035685552299 0.472976459577789
0.135351084432149 -0.210734535880373 0.182286207245815 0.527689135294025
0.105993541698041 0.096068812028306 0.22670445975431 0.495583996884557
0.0449661906924528 0.0203043526670033 0.209696705132855 0.524826064990603
0.0203863834278561 0.138722792332802 0.235309412724511 0.491750722296287
0.176315615133684 -0.328863944888344 0.216917360683327 0.482652078347932
0.126739013200842 -0.132591311569493 0.246063647330422 0.483623469782604
0.145849623194745 -0.285198424108499 0.191380911271722 0.524733697591283
0.156945744212109 -0.168698778657591 0.179822208037706 0.570014630060269
0.0963146693123737 0.00547756070678998 0.203598860136727 0.514092963323873
0.337082949233439 -0.381253114512765 0.224840132985658 0.528784183773544
0.138212480390139 -0.0111019153125887 0.188791450609087 0.491759930484372
0.407408267606752 -0.388871293321622 0.180292133142354 0.493391838602085
0.293740691589199 -0.204771146074741 0.153474064805094 0.558018690601372
0.209027827451996 -0.277092576102645 0.196570740709128 0.529253737028333
0.0841148734460401 -0.163039486358798 0.197622774885437 0.496158708178847
0.201015480891896 -0.172110829412866 0.206952687617016 0.501020664075102
0.327630688428125 -0.336276545120748 0.155970240030183 0.476714547090041
0.055281705795099 -0.208524588506366 0.208546431375344 0.533584735590741
0.012850237217823 0.0352081913414712 0.172454048404874 0.516599506546484
0.132830506786502 -0.295492778229409 0.205549586858277 0.497596075035602
0.414037602291869 -0.429824197969687 0.180698516764265 0.519721697138345
0.454951597756326 -0.547474280070008 0.188732995593147 0.467470677628605
0.330200026671216 -0.197486728013255 0.17858572994795 0.492225087135291
0.217011676570801 -0.214893443810477 0.214713875445374 0.48887040337199
0.0628235507344493 0.0136733910390398 0.23667936907596 0.528920263885332
0.55515309844969 -0.630417367667812 0.228994558757293 0.516623045030784
0.173714989978734 -0.0138129123515866 0.187938782931862 0.501495527550091
0.37377799176544 -0.166058407823971 0.17884403256177 0.477354280969252
0.228306607683871 -0.139404997653657 0.198242405018822 0.487221713205489
0.128230747595624 -0.145120764416007 0.198210900703552 0.455326038801901
0.275614608775684 -0.296964412142216 0.216205270319969 0.51941290700721
0.338651279355012 -0.229525311195649 0.18521221473515 0.541497660664202
0.127543233818891 -0.143863021782202 0.285987776626183 0.493380537351264
0.11706180606988 0.0530747921872994 0.208424196733737 0.547784118245541
0.130651485809522 -0.141892587887323 0.174352770598545 0.511042488044218
0.334339083775505 -0.200983324456361 0.241425019561246 0.475316353989102
0.131177080239877 -0.264653634711684 0.169323788514768 0.492483042883285
0.20458893460242 -0.262831429520726 0.181563456543238 0.506763881109896
0.0587445146503784 -0.00328041399303715 0.236123683607653 0.507230149571411
0.0956850227203154 -0.0848588271966821 0.197702254284938 0.542768748855823
0.0590367076157587 -0.0467646942829636 0.202355728718409 0.496648599487401
0.151099514531652 -0.165493172678025 0.192619806036418 0.543671288282428
0.221463719993116 -0.341554452913939 0.233861852520001 0.484020840055397
0.147930352053917 -0.0894179583200752 0.213331788623464 0.450032790715949
0.180634450066032 -0.196271834194957 0.193134016868017 0.455756490451064
