0.294205204532785 -0.257144935877397 0.202782970698202 2.30821874931383
0.0762849379412662 0.12184252455848 0.248467453954548 2.25115839551835
0.166811047449988 -0.0751029652440979 0.16159790533651 2.45156828831263
0.128260488123982 -0.0797075937294464 0.185150072542297 2.54584567706095
0.133550241454905 -0.176445646685129 0.166911102241609 2.68348826744397
0.243964956379397 -0.230865473095661 0.161842413667554 2.44360653976356
0.208847139541878 -0.289835539263988 0.200598108456183 2.36086913474652
0.183148183638347 -0.169711953392011 0.184088629536284 2.44055984379513
0.310478241805551 -0.376726078412923 0.188563051697055 2.54583266458683
0.218358030326517 -0.403687369020972 0.22881287008421 2.68312890945483
0.102477715215738 -0.127377385214476 0.201938551401581 2.44055427789946
0.172214759489186 -0.220621586147961 0.152266038000049 2.7448985739205
0.107698703731824 -0.011843965621086 0.118878116486807 2.55441499571304
0.0160408488826856 -0.117326573184721 0.118878116482323 2.48427195237239
0.252967061852885 -0.352817730747629 0.17444159028142 2.4819800427479
0.180566555302573 -0.231595049318146 0.184645383161879 2.55353414710336
0.133783103658175 -0.0410433939713285 0.137047857330942 2.4089195018082
0.22237657585829 -0.216459160528649 0.177734565622137 2.42854647112936
0.114348011887552 -0.192564386426 0.176654152345252 2.65112624045457
0.311999361248826 -0.186025278461454 0.228779489595696 2.28984923399124
0.17135547370229 -0.0234428472578214 0.130308678423649 2.58606421163822
0.073113211840186 -0.117214745314838 0.173635200684195 2.43054589000073
0.149012772339069 -0.178016364063219 0.118878116992801 2.46191420463209
0.295096922749787 -0.23980358592664 0.210717840566746 2.39080329102007
0.141340844011067 -0.0651342384999236 0.191098372525398 2.53327405580816
0.239606362374715 -0.313619293457422 0.210030766026503 2.49025451114893
0.139852203144221 -0.254707745254551 0.140205510903977 2.35158838245907
0.0375254482199462 -0.0922078093062593 0.176843096270981 2.36720954080847
0.221224546509756 -0.294957858794879 0.142061338910221 2.56939001268874
0.181682142636893 -0.182706619545592 0.147944856755955 2.37293731682919
0.174266489736627 -0.172648057481779 0.183984840615381 2.58222266749699
0.186903335868804 -0.288097886965474 0.182365370080858 2.36668664999427
0.210203984950369 -0.196104650821004 0.145326665934042 2.7230906606486
0.117505064356833 -0.050855920242266 0.127359352277075 2.41476781190812
0.137658481782812 -0.017118501536787 0.264809008626409 2.53130640242247
0.105098221718045 -0.0668147242943538 0.155285398724083 2.55122148221789
0.385713127889315 -0.518052619386839 0.187158638884657 2.31037697711107
0.261795332067302 -0.387996418096142 0.118878117373194 2.53091591111217
0.261850139303643 -0.135534064912948 0.166832358393127 2.53668758334046
0.299670078842168 -0.128184666569148 0.185457699496453 2.44263059672363
0.137731826785474 -0.186071722954161 0.156936666688284 2.74303892388128
0.232388403870865 -0.230257535273607 0.156610232736965 2.42683778763301
0.168635307083152 -0.124639130942831 0.166094082816234 2.53153843934437
0.16206399088962 -0.327777691065567 0.145727405509069 2.59553298971906
0.328856681882639 -0.360560708016751 0.167324218621154 2.45739645419659
0.237855123025516 -0.015129903196251 0.219164262006578 2.45196066407402
0.257564667381804 -0.20800689655748 0.141220167302342 2.4665672431927
0.127222736826701 -0.032464794284401 0.12244765983071 2.55462089681467
0.28220257585148 -0.411526330548931 0.172557616733555 2.63152775809559
0.22774421798421 -0.134528699589986 0.160033715000542 2.16114041580866
0.217896488781591 -0.311072164523461 0.169622322190182 2.59418960731648
0.172630171325785 -0.235279727669809 0.142808995262204 2.55516562822816
0.235509820337898 -0.225853272935018 0.178298681348965 2.42890921178083
0.205723957921421 -0.0837017596463345 0.150321105515356 2.28685839000291
0.183152601810634 -0.196882722804217 0.197094158626458 2.65969239584155
0.116401665234523 0.0455766822151208 0.175861462714247 2.2930176515796
0.233501723617913 -0.200593796548419 0.163036297742246 2.39435393646556
0.293148950277362 -0.329237996915478 0.169673023215716 2.38186818527256
0.174268409945616 -0.0789107569711957 0.209608413126194 2.5396062851328
0.0804736053726554 0.00276272072670182 0.190208354537754 2.47982229778664
0.0274673538281134 -0.157394317668081 0.12159127301092 2.65448468311716
0.215301252476956 -0.221646802161472 0.175117439087597 2.57883123329691
0.158243578989541 -0.363732581803617 0.179337672663735 2.49523907581918
0.0258311415219226 -0.0248228190860881 0.129519939111832 2.78040085917431
0.260276721861657 -0.234127683115099 0.210268453502565 2.34811288013817
0.167896616682159 -0.0463982861332975 0.151872716979013 2.49564371044103
0.0701928482951083 -0.0962375052187641 0.161964838970569 2.55614425762689
0.179803360221628 -0.238473289902584 0.118878116482721 2.70656579756463
0.292223402123416 -0.228847652015949 0.177849172194099 2.56253838788552
0.19282245499803 0.0108454842868286 0.170773052548415 2.67697818302663
0.20983985307123 -0.338559081437055 0.189037503495217 2.58935332927536
0.0393841766156352 -0.0569203105243955 0.156154786849015 2.42210670568348
0.0988315547848124 -0.171531667239509 0.118878120239164 2.81108194794617
0.212625809198486 -0.234965939134354 0.196202699667374 2.51400101675054
0.120185302838295 0.0456977540048345 0.150515006436374 2.33420100923223
0.266619705140924 -0.316120911436251 0.180169770829967 2.44264474269549
0.269064120762283 -0.19536160246771 0.173099570904716 2.37075977045335
0.265658094643731 -0.18065797979742 0.188728517682804 2.25916377463082
0.0976322684372873 0.01644786401136 0.185424917793979 2.1619296761174
0.283812727729597 -0.186851228827406 0.178024541180551 2.52280192185267
0.188760749000041 -0.0292710319557972 0.161320656683141 2.44156101960048
0.250451013515746 -0.196241808088816 0.209890077844139 2.49161282559225
0.195390664051881 -0.273582000303891 0.178889871824851 2.5519011085281
0.346787747977858 -0.246656832964437 0.209048048870862 2.4683161899459
0.210134360309596 -0.208733636792773 0.157240150879584 2.30896795132408
0.167499618245968 -0.235780825010458 0.174880773279135 2.35642671128887
0.281571399868968 -0.327461443727471 0.218792174977596 2.48725099027897
0.234335116272742 -0.202737551118889 0.153660364032816 2.38314896424642
0.184005714003153 -0.288562367157062 0.15211882131027 2.52053530492408
0.344330797284719 -0.453659654780185 0.187066222780562 2.4951013888368
0.209248986536303 -0.122352581046674 0.21714498005605 2.39849984534896
0.106102027748626 0.00798546812691187 0.152589671683759 2.55336951604504
0.434406012384651 -0.388953459765813 0.197197962964717 2.57496532705965
0.17604805340283 -0.16573454415541 0.161749759714881 2.48289248666517
0.190169256938193 -0.242419265052115 0.171972582108286 2.33299358669211
0.129656723731286 -0.160170937761885 0.143269452413772 2.86945151132546
0.323701365119692 -0.353353968781602 0.148658419813091 2.71011679876453
0.222239707393583 -0.179677895844626 0.18479512654659 2.65743314811382
0.110666965012602 -0.155423117734507 0.182209615144007 2.66143568691161
0.243586827966355 -0.118141224194824 0.180011166392062 2.46706530715767
0.180376320599368 -0.183478302943447 0.164311088170843 2.62022572986224
0.271513274028946 -0.200396611036799 0.164091385321564 2.76281782122408
0.167323912636752 -0.189819290624666 0.138460246186153 2.61253213316782
0.0861676599930532 -0.043126618006798 0.171635588874343 2.3785074501436
0.131775530434071 -0.0946235693321014 0.197730654794424 2.37448397744653
0.0120806734840837 0.00675300747464132 0.118878116482317 2.53214338669494
0.140806075132072 -0.0952056666944794 0.181741765317304 2.27931581685358
0.302188044376375 -0.249053135813477 0.181832131158007 2.33382366439433
0.226203075473623 -0.235006868888901 0.192418924128231 2.44761372252678
0.249052230560323 -0.175649914051172 0.199083285391984 2.44662077999087
0.114577639284606 -0.156905286932793 0.151616385620186 2.63099445499558
0.348767609028037 -0.174522044977299 0.178879876636539 2.63776475608559
0.281945978561197 -0.261650343422583 0.173198650719389 2.66312542968529
0.186711104411396 -0.233349521581643 0.177346380997428 2.43885171115906
0.155371906738859 0.0378218404694624 0.173316636997577 2.34833390275904
0.267357807854454 -0.206344492446809 0.210570353919324 2.38381176475837
0.207993843212515 -0.190334895375942 0.204611153592368 2.41869599998894
0.378548878101318 -0.39087900567047 0.171563472373278 2.40178638054047
0.34427771075012 -0.290548781707772 0.194089297693335 2.5085451770608
0.21656096332181 -0.232476055822368 0.180060329148732 2.69136530079702
0.334402380534412 -0.374193837233686 0.185950065011756 2.25132318989019
0.421313084334029 -0.445628017588605 0.161169068226728 2.53429442778724
0.163566014779222 -0.120767220154236 0.188663825828547 2.46855204104129
0.228318030506676 -0.405822907231195 0.157910097992035 2.69581507645385
0.172827240010199 -0.172205112956185 0.140592269675079 2.75155346022483
0.2158303587879 -0.235112007803394 0.144255507754185 2.43694280888027
0.162917381891857 -0.217736833083777 0.189331981585076 2.60188227515165
0.17182458105425 -0.219485009814519 0.130830310109684 2.4849242472032
0.348749203515769 -0.340761711713076 0.18947712468521 2.37696929906742
0.111193420249421 0.0442693478408002 0.214321634157562 2.45634415863509
0.198216028611258 -0.187423969821284 0.221658711264575 2.29830303138731
0.213119179581301 -0.232807209067126 0.188119932444829 2.66448781380549
0.184080422023534 -0.211924499820455 0.158488834663141 2.5929002356384
0.203827484815464 -0.34629361499926 0.178566601676986 2.29508889981924
0.193782824842217 -0.280514936987344 0.165391076413256 2.62412506617622
0.239827648365484 -0.285585200739433 0.166556029353789 2.39286067885049
0.297968102106677 -0.245326618695702 0.191842307679355 2.3993584705327
0.180124668199289 -0.337991675043261 0.118878116481904 2.67240581638978
0.250495213550847 -0.226933211028822 0.166716126242047 2.50829695362317
0.260774503754972 -0.234731707663361 0.209334305027312 2.63355368169076
0.271288961579046 -0.305931455348702 0.174193023819169 2.18944866272089
0.322947181490759 -0.375566499799143 0.167467332490958 2.35141844628838
0.202219084665218 -0.267218632139421 0.209625358818148 2.65388256611267
0.171880773094559 -0.10901053655889 0.181421208617582 2.63816455813107
0.243082845436329 -0.267122941164092 0.151993902614385 2.498807369294
0.425333475125679 -0.312892066180431 0.177320473471861 2.38979591211779
0.160256255673903 -0.147141829232547 0.178680498115225 2.61184891299615
0.257196811124124 -0.393029203289246 0.127462653909794 2.60423049898156
0.214060927735005 -0.0556189683243096 0.177658278793764 2.51310716921851
0.216810212508141 -0.18068843155838 0.176248359984501 2.36577612011099
0.201182386007621 -0.173018664189862 0.184315173008477 2.49421479808995
0.323629840952036 -0.268650601818895 0.244163875609303 2.77530687989487
0.191544209661452 -0.259302030019023 0.181804502516895 2.46032073162501
0.316987488139347 -0.213042340176315 0.196266874164213 2.32745288031221
0.192058160225184 -0.254933545766089 0.169356914080111 2.51163999416767
0.317389044575731 -0.282818943371779 0.150722054749398 2.44161225265732
0.230574383161318 -0.279644835314768 0.126430830757444 2.35562031886859
-0.0070545908178251 -0.0402145062298048 0.123611912928273 2.42166345271348
0.208522716778822 -0.270058219042547 0.177774297980463 2.67300257487371
0.166164054086026 -0.208239999672361 0.173258840559603 2.41151449334934
0.0297896769174175 -0.205781651092528 0.152122147133904 2.56683249956098
0.138311317436637 -0.112997231725463 0.170894315054359 2.5110307133778
0.330681702850144 -0.342227924059955 0.210722320423505 2.459499028052
0.231578949486577 -0.118115117364916 0.224521274722182 2.31519297245865
0.179572665824484 -0.246174495379801 0.204820733807407 2.5852669235004
0.0898201790695948 -0.0470629183861372 0.171082553725589 2.43396084475994
0.20135248291729 -0.338653251479574 0.164906943906544 2.51524491081537
0.252857925108702 -0.320008383451432 0.18119103268295 2.50120113721379
0.252150522903018 -0.422672561749166 0.167838795925593 2.93383893691405
0.0894914825501017 -0.208529057762494 0.140642334579407 2.71538394741694
0.22435453790423 -0.269478150344976 0.221734600634642 2.37506881912569
0.282116188356283 -0.191023390889234 0.200684392817199 2.49328161463206
0.188298655472154 -0.332346972502227 0.155272745421228 2.64200061526869
0.128218777588503 0.0933612317809686 0.197022498110925 2.34789216216337
0.327711484651018 -0.185127051108996 0.184213429972468 2.49274244916179
0.0956811516219032 -0.115757099618309 0.181226814771212 2.47142319807905
0.146852217806773 -0.0589635956768513 0.191982921299682 2.61895400601996
0.288922496412986 -0.358671066609937 0.166739011062454 2.49014355262797
0.308487244812717 -0.282672401553398 0.145608830476581 2.59382778171266
0.205716807272299 -0.248996815399498 0.16767750072147 2.45830310446178
0.132304178029921 -0.00121624869461126 0.179782343929372 2.55903223940351
0.390109966082366 -0.458270790593642 0.172985597158221 2.42280987655111
0.0320512469586544 0.139187903905891 0.180983092735625 2.75299138394847
0.235958588202098 -0.127237705045344 0.172082049748306 2.68783216827745
0.11211797497224 -0.126686250984128 0.197343686154354 2.56257642532287
0.369361843217366 -0.475121037441408 0.165135287834083 2.37121443837036
0.357877155688998 -0.380398340537425 0.120175528894084 2.60186786264847
0.111885915638505 -0.23513904779898 0.130593579251423 2.89497000378238
-0.0124404416838818 0.271535331082801 0.235799648377577 2.3635398222423
0.257912157096062 -0.171193943713803 0.165042603097225 2.51145982824551
0.18674497803613 -0.190747721475444 0.15839979607668 2.57971079603765
0.110266319125656 -0.0389863228676304 0.163918759317914 2.42897103636273
0.105706267774842 -0.0722624789951964 0.218545282014612 2.45752114352781
0.307672331185987 -0.273161631085816 0.229813613784199 2.34572632622175
0.327026701479752 -0.271773874725215 0.198063031565922 2.32635546028278
0.197539926323224 -0.250776976685949 0.176594104903071 2.67368373059885
0.213923829379133 -0.177339724171919 0.168995775456894 2.70073000063826
0.384399553665174 -0.333943195285013 0.165506324832039 2.36919049417507
0.280595798044794 -0.38949507408164 0.156744955234889 2.65200208192687
0.318718186038036 -0.416462148951265 0.151264632146494 2.73130705877385
0.0960607054239077 -0.0689024704721289 0.165356424778614 2.4895044419129
0.237435879231296 -0.256330679151554 0.156113294252472 2.32929984537747
0.247281447132383 -0.139919326719961 0.219578657066382 2.26471327402622
0.241972048929209 -0.0978209434836549 0.174658030106094 2.57300418611418
0.254511243596127 -0.208996693816327 0.164696240957317 2.49760426400106
0.231196411156959 -0.112656181024696 0.156762631643622 2.55969312664236
0.198382125173742 -0.179877793526969 0.17472390054871 2.33810744879082
0.212277413314971 -0.421030381170682 0.118878126346837 2.60551957518994
0.0622913002702552 -0.0755671676325209 0.152579869070255 2.47948700101203
0.211635498495128 -0.306997519094126 0.183961350671109 2.41412724630094
-0.00834476017154597 0.216427020582563 0.183015300841356 2.44858205100994
0.272155790298054 -0.250288598888886 0.169906418970475 2.54194683154927
0.180981590194749 -0.159148906860511 0.207307828922289 2.56931157549173
0.238761173239879 -0.196337266084356 0.216415136145938 2.64576335434725
0.182042172220099 -0.215620019431013 0.185272034588854 2.38490367178903
0.078383964676547 -0.0842464803439815 0.167815156813191 2.4521676599657
0.203377432697969 -0.336821886211154 0.172438724263149 2.61480283552539
0.302137734834143 -0.27530021693751 0.215646234466041 2.52839993012436
0.275232475595508 -0.240973726032022 0.205371731641282 2.40461930587584
0.206296550909739 -0.310929032697336 0.184079615000213 2.5134317667168
0.321982746095743 -0.343686701927146 0.206185621597853 2.41704186379304
0.126801615509088 -0.224375767333332 0.167867640372908 2.77131464070019
0.27783580446281 -0.353475685215224 0.124878643620205 2.65962887383282
0.315287010246509 -0.303528607533898 0.224329495073934 2.50823304057715
0.154531568513888 -0.176065986718684 0.236504206463476 2.41322538544916
0.194435642226979 -0.21428211144595 0.178677282465449 2.52495509159491
0.285053698889034 -0.190144039814098 0.182396331280027 2.37554767406975
0.257320985382077 -0.191085126621381 0.139536453150556 2.45617486885128
0.142899774886112 -0.157224874272526 0.199083937154435 2.48513692013363
0.13109431253329 -0.131317520324488 0.192596236191738 2.67127236420024
0.127072034973627 -0.0839115713308534 0.183865808154943 2.58115335983613
0.221426062624049 -0.272796043775957 0.188874244159832 2.58801715910511
0.141760983349359 -0.0768987300305725 0.184489620552348 2.54739613719545
0.31113136199322 -0.259936135075368 0.153049772250604 2.55380798767101
0.198324185173797 -0.15063479217757 0.119140077650429 2.60046585277848
0.186695982839069 -0.0637044955163262 0.203846746530262 2.25680473108349
0.281270672034303 -0.176515596428024 0.190429867622334 2.48695819251642
0.0787690220930063 -0.138519367327903 0.18172857253096 2.26568143774019
0.341518100809025 -0.324177677232831 0.192011821226632 2.46904514045486
0.270388121323018 -0.177287275809817 0.194455429907688 2.45473381078236
0.234143792661825 -0.359863869733822 0.12613309289637 2.45939752334374
0.264598646314831 -0.106042547805361 0.272570866319831 2.46839728722944
0.384351735176326 -0.471506562291702 0.123224671121832 2.51698461998396
0.278386630595071 -0.332623986709333 0.158885841195884 2.87133646960835
0.0525596701967864 0.0291377755205893 0.174225075455329 2.43531211241179
0.230382296325326 -0.207025023740861 0.230475973857574 2.38090010011789
0.347044813332821 -0.415064954325045 0.245177379343875 2.43633012672373
0.420449190098218 -0.467707230232353 0.144636278261595 2.55468555257672
0.177485443804486 -0.129484617635253 0.1845824515839 2.42691325430848
0.161265773097118 -0.190553048173394 0.14926659462462 2.55385727113066
0.342852232362597 -0.206159114448425 0.173698477126995 2.37817592007904
0.219247510171317 -0.230218398276183 0.202479921415673 2.63319204106021
0.308727971370034 -0.334892205271857 0.199681496871997 2.30943952319134
0.332778946613244 -0.446901909710857 0.155158798578105 2.53838930415707
0.209933861918662 -0.206844031801855 0.200668445535169 2.64317036277181
0.188450178607147 -0.277012951425906 0.183363907707578 2.67996414331238
0.183362661372026 0.0126295976434684 0.2545601562079 2.4973890552748
0.241406006737397 -0.343205960506651 0.160494198880625 2.76275725599504
0.248837024053703 -0.290246759353503 0.202212792615058 2.43604233090948
0.221536563276355 -0.282662773475001 0.209911851456708 2.5240026419686
0.0891691882330147 -0.157043679295177 0.183115388891287 2.44002885076108
0.162467622807116 -0.122902110155058 0.140061137884478 2.56108115194345
0.0960230458625372 0.0728661095084236 0.199548939507152 2.73750269833187
0.280930005104407 -0.135113035878049 0.201884690245512 2.39205160965068
0.28027233345536 -0.324844399789029 0.197134658172755 2.54861852830827
0.133247432339959 -0.141087682499123 0.176063575896618 2.49446646464261
0.130048666248479 -0.124861968002692 0.174177943992405 2.34463303453716
0.197106474801614 -0.267056997724129 0.164528805103728 2.74898419965623
0.26009202991496 -0.17651058806938 0.144381961260738 2.48688262540216
0.142991275102369 -0.231081669614597 0.159017578907684 2.59149804056854
0.258021785505711 -0.303751268770521 0.140023126127805 2.63352144641286
0.272774449683116 -0.370862865064076 0.158954354565627 2.67809542183755
0.0191961601390026 0.0153613585380296 0.118878117593799 2.55961557814803
0.229798674744685 -0.0885509671917326 0.16960192720395 2.65051580618488
0.242492223807466 -0.27127515842269 0.194030646556041 2.83589286550896
0.111544768794059 -0.151934827997678 0.170646925261546 2.43032213671914
0.170673716657926 -0.168748939043271 0.17869004157291 2.51228912101325
-0.0274921269239525 0.145458397863596 0.155072615301653 2.51089746275011
0.151768835003034 -0.160808723211123 0.147475282603829 2.54639746220751
0.170097383205438 -0.125586581695918 0.155713155616716 2.49594311214275
0.214522856984982 -0.395644798324224 0.158187344946521 2.45889189339322
0.21217718922526 -0.154218033359962 0.204402914818385 2.65834125076859
0.249341558609025 -0.365123400113238 0.211771058171064 2.59429126594085
0.123374553596717 -0.115983507646605 0.157333879130727 2.5535555135203
0.0737420622640989 0.0577316080128235 0.194429359586079 2.28760286446207
0.158231123953315 -0.193615192580328 0.228345237460455 2.28814698134327
0.238102563071293 -0.117557642103189 0.194168220543617 2.48772640116587
0.231663755415944 -0.241412856539893 0.156212103957951 2.54859971352817
0.242183141221736 -0.22976190108769 0.137471148044211 2.50846043968167
0.334506908344125 -0.382752777785327 0.170214513383378 2.5580030875686
0.221074269942125 -0.329012314757838 0.161862307483499 2.63408170850018
0.248161889442764 -0.236350901823775 0.151176994716355 2.60775113472806
0.233873446392656 -0.0755561224737564 0.154454632387316 2.36764223739292
0.21309445348949 -0.324553079010527 0.118878116487756 2.46074990005008
0.179251420455367 -0.0214677197939048 0.171920841419031 2.35963959460616
0.20836889412763 -0.20166680215877 0.180363378543211 2.50225440259634
0.0716988934913473 0.0793025130360004 0.174626441451355 2.6570784980718
0.187465672220594 -0.237230757686443 0.182417051892809 2.36855128642245
0.183956430440201 -0.179570154537096 0.161537657493212 2.66687997313584
0.200447519703985 -0.212161368615237 0.182875536099533 2.72549018107355
0.200851530168004 -0.26263025532078 0.187240837108971 2.59413496691114
0.0186336056328752 0.0174630270754635 0.128993109727076 2.55706977907862
0.260118505015696 -0.228298746204468 0.161915352988795 2.55753241366353
0.126232428885376 0.0429659380772409 0.181884266837663 2.9641134260915
0.294204536931638 -0.311067313969471 0.146393395913535 2.39062412319927
0.312914549878838 -0.219838622909031 0.277524145508872 2.23902960749889
0.267543119381235 -0.282027121132317 0.279026392897959 2.48009132864986
0.185141449930669 -0.225780165038016 0.127648336704549 2.31639769688013
0.203141781213227 -0.162639417317386 0.184246602066002 2.54931756293458
0.193867687262296 -0.0238026673881081 0.194302736465567 2.48186601149782
0.23562788782372 -0.381794117627853 0.235010689483767 2.68738223965332
0.205471855791481 -0.184874796300303 0.149858425802668 2.62703403763568
0.282669852905556 -0.527280838907213 0.176216049582328 2.72596712355964
0.209902604362575 -0.167618468455351 0.156196203387673 2.32764378808649
0.0136649468975233 0.0224953794729495 0.181985157758059 2.45872722615802
0.284450036731847 -0.435100176218896 0.176401895607292 2.42519152391048
0.174178776351986 -0.30866139596033 0.132184312358767 2.48446117645694
0.157395002634847 -0.159785139022184 0.182677989005735 2.44012143724616
0.298910215131727 -0.316479695332351 0.118878116495961 2.59713424687106
0.164822353903192 -0.296997098345629 0.18959093632158 2.29840780112376
0.125385415127492 -0.205413737156339 0.189247839796915 2.77678022963906
0.296298826150379 -0.191956158065457 0.163316990193801 2.49186915746535
0.202296694080937 -0.119656421136884 0.184249458360748 2.3277683571517
0.245216856028653 -0.390269744787581 0.210135920582321 2.5312998382869
0.217024789370836 -0.2222413811358 0.202072231091079 2.69919819774314
0.11580818243001 -0.230564057085275 0.140295084405128 2.46056972671759
0.153417213540605 -0.31058945877594 0.239376637012976 2.3973689349178
0.219748536682301 -0.18101067281076 0.203607484821741 2.32701673112944
-0.0223532666523238 0.0177310347244648 0.141994964612666 2.69599509375187
0.24756971355653 -0.230786089853901 0.210032488811338 2.64756035216428
0.288211570020732 -0.218569257350374 0.152590579855274 2.4603766353508
0.309705998716125 -0.364999339361842 0.174812987831286 2.67685992644898
0.0977646170642408 -0.186485233773765 0.14289704217576 2.48314942345039
0.0336813442803784 -0.0891229663680511 0.145232250409514 2.44664180878975
0.146770858875373 -0.171102728442987 0.187075912791375 2.69094684628396
0.224086318787055 -0.184120182593185 0.166200960992587 2.30071813638634
0.330857943997237 -0.309377071401297 0.118878116486254 2.70353692826922
0.137359757768919 -0.146571278332049 0.133440630420606 2.45431669424159
0.255773194568653 -0.32535635565957 0.157663956407855 2.70338795528246
0.272620509151293 -0.305856179702484 0.164721899757927 2.71975171763958
0.227831835671008 -0.15478354798133 0.213047475440276 2.56734920544133
0.417788501683918 -0.369660806587201 0.180492506725481 2.75977197686645
0.204639587033421 -0.0948678669425545 0.179290964730426 2.49577163395156
0.116029052053103 -0.0789634601807739 0.168380109215353 2.52890095687543
0.230167225951968 -0.235303519834133 0.190332612537753 2.57925850224032
0.184768705072622 -0.130449967992218 0.199042334671369 2.62541058027754
0.2588723807008 -0.252863665612213 0.169324912225511 2.44033446737801
0.26419010138353 -0.221438519578605 0.198353190873476 2.4139137744259
0.0575834904773946 -0.173022497887022 0.13129846927779 2.38051283190623
0.433372799131745 -0.483265693817633 0.228375486205069 2.79486744381121
0.35863467025395 -0.327800023922645 0.154190688722937 2.5531815432696
0.266216953266997 -0.314915529667712 0.207611590346428 2.52281839704485
0.24664632194672 -0.327380256606343 0.176809184683282 2.65355499852655
0.268706449637408 -0.256430346146155 0.186276262400562 2.76958481714869
0.223172733371662 -0.315462076330717 0.199106572194208 2.64994910535721
0.189569400544834 -0.156562633599189 0.145070918105065 2.75844561848399
0.13276407733385 -0.145210169185185 0.193605852391448 2.5607269914262
0.194390258092937 -0.259683960502099 0.164092793090367 2.53454465562791
0.0103167368666706 -0.136664546461021 0.14372790141156 2.60562432335119
0.0353127155813386 0.00424160869930277 0.149309037792898 2.71458180122987
0.356533011117108 -0.446862145240564 0.159500223715057 2.61324723725867
0.232502637668506 -0.311558027528068 0.163423520576046 2.39076884205175
0.185734121384753 -0.0898788983185057 0.170865671071883 2.69280906663371
0.25705957038249 -0.100326493412741 0.187110810118536 2.35313274728373
0.250310037124728 -0.16312920177029 0.193022441324788 2.4422223935039
0.229041598108206 -0.338378479827302 0.175014556117336 3.10471954314601
0.270385365525912 -0.42015372318735 0.17909534456475 2.60644574780081
0.26661528420057 -0.298408241679386 0.160605865527172 2.48282455395105
0.266047661092578 -0.32375457519042 0.18346009537379 2.58415588363355
0.19405919406615 -0.137741472030627 0.155642303771265 2.62169760860862
0.158841854340023 -0.286964101219531 0.121695916419973 2.54020830122974
0.256644663106046 -0.207385282522136 0.127462890463065 2.66844256141964
0.172992201470945 -0.261727175172313 0.190028194966656 2.55101968184323
0.192994076841019 -0.0495125066524329 0.164885129330564 2.52032559481798
0.301914196190166 -0.241261127029849 0.175437827063713 2.4176825816584
0.259446650982163 -0.431566677515095 0.177121431910891 2.91718185032897
0.298567764011446 -0.288082582689923 0.23552674284318 2.30747135823535
0.0717909696372985 -0.0897513583117378 0.165910862351546 2.80497357691647
0.164824907276945 -0.255629593536792 0.155576650018773 2.78790591349162
0.19533044140521 -0.0319173545834211 0.182894739990473 2.7432222667439
0.294322561857959 -0.448243820969198 0.150743324726734 2.44718363022062
0.338768879920374 -0.292456157542097 0.161232463975165 2.52820472817756
0.280086550839109 -0.197589437494169 0.146730743780393 2.66912855769615
0.315539977102577 -0.393332982155589 0.183365496561515 2.71086136871533
0.305356250497843 -0.275687489711581 0.168571039196262 2.7107616385101
0.263130680445723 -0.225821040199387 0.211771629684662 2.6039909637814
0.240822726292563 -0.294113262609072 0.164431596942179 2.67417761413362
0.143013817310692 -0.106470478510098 0.162696916036147 2.64742042431756
0.110907491480768 0.00919664513254904 0.158470421828194 2.56228913370908
0.267065751812461 -0.310677978684763 0.244772614803645 2.43017081662204
0.292596134086821 -0.442275398576135 0.174021272567215 2.55014672500063
0.215653715403241 -0.207423809594669 0.189270410603082 2.68733447582927
0.348981465354484 -0.212565868909297 0.153144006037418 2.60249933686967
0.194967122303415 -0.196752707117215 0.235970333122263 2.24681549565237
0.342373388389081 -0.288930335206352 0.140980069961802 2.36649791871042
0.288237155958996 -0.207007961783323 0.217711220153145 2.53011342592565
0.216947653472205 -0.133555215680469 0.185057170219528 2.18523332258967
0.401225458028904 -0.401017563464726 0.198041704785023 2.55803415211595
0.267081244451085 -0.409768086907808 0.17454910317498 2.43534912209405
0.208953338279556 -0.193755626223429 0.178120342740793 2.46445835560842
0.11881798504514 -0.166668501566966 0.163823577308516 2.46432477766964
0.0945586157618982 -0.213510918622567 0.155072174485769 2.51288842746532
0.0250090233530475 -0.0625828732988324 0.178218431744278 2.54409257576406
0.132153078024833 -0.21647316660302 0.22263220335337 2.63969307297014
0.142850044229494 -0.117882026951298 0.12977434900191 2.40488308120974
0.206407689896836 -0.122943898271719 0.220708998688919 2.28421546467298
0.12637770237457 -0.119374365281817 0.178019157195314 2.52095083680401
0.123230546186645 -0.146091205757778 0.122383886918887 2.79003457631469
0.267712550115603 -0.299882287358994 0.25182729101096 2.27073792316246
0.163034209664737 -0.117768624255583 0.171843926714256 2.51752226107411
0.0778368873500645 -0.0881133171893257 0.174692512464565 2.626754539427
0.172754483678652 -0.235275278757703 0.178248968021906 2.35713054772137
0.314878586634943 -0.461393590699112 0.19545220504147 2.50395830561479
0.273432985355386 -0.222972926858602 0.147812285889711 2.66357676272842
0.299643171400034 -0.310896882410102 0.213147302214876 2.61784913133965
0.171340936865786 -0.228468438259383 0.128028216774177 2.59719074055633
0.177546168405153 -0.14287099598665 0.183418993127875 2.41222615465882
0.328865584536776 -0.529077239242389 0.15129104343218 2.43198665861295
0.0746465786764304 0.0555740736063824 0.188033963392216 2.34051545580561
0.119554012416555 -0.0423919948300758 0.178402773762525 2.64094715349743
0.417213582652683 -0.472023623243048 0.219822470751679 2.46634706494445
0.172908500283002 -0.215476210580752 0.184898927271135 2.27689280727884
0.238483493926247 -0.172418143850532 0.120115074231552 2.7754392828826
0.206618530718986 -0.160964746868327 0.187991149716583 2.60101944650864
0.176962317836642 -0.187916786653424 0.173973982710634 2.30053706892952
0.000906172772056271 0.076193203650929 0.162037327547799 2.6946336978377
0.0834682605528142 -0.0411467962127187 0.173160662928329 2.76537397376945
0.154708147986549 -0.208820972476102 0.176707270969765 2.2907616244642
0.0370108341771591 -0.0409630265506557 0.178522942106276 2.4274960421582
-0.0338727858499436 0.110432912753827 0.120088943922729 2.73418445128213
0.230583074563682 -0.222123985114553 0.179111646546945 2.5457370067557
0.0721887450988745 -0.0698952022406565 0.163126376753726 2.42447926207514
0.362923497731925 -0.409827456042014 0.198607798403699 2.36291975187321
0.365722302101993 -0.166874881763081 0.151555074418915 2.47488687677718
0.110896493283246 -0.0274050843685174 0.197373498770851 2.70430773645432
0.2172996147258 -0.245121780352948 0.202989946068457 2.55630500119551
0.274485537908348 -0.149336865092485 0.168651348161432 2.39205564097937
0.152790094212922 -0.24422421720837 0.163214619368903 2.57640867866661
0.190800031923137 -0.137590422171224 0.208224815529557 2.48872971386586
0.13172819861271 -0.0160999318403236 0.201672428645113 2.58138639987865
0.19854471475647 -0.190216401017199 0.204716081628393 2.57937664065228
0.165895152942626 -0.281428836712692 0.159902911989749 2.26344595740882
0.292281862031303 -0.280298531665758 0.178981553623564 2.2425187123585
0.293011405778178 -0.310641585021334 0.152103975416486 2.26599372560889
0.329240873668816 -0.336509698490242 0.161804668857913 2.42569295998759
0.163439340726341 -0.290431331438227 0.133207195277247 2.60363537540032
0.270928630518329 -0.298474454476362 0.196269891753781 2.39785594870772
0.27836883280874 -0.22617394893368 0.21721548242694 2.40407986414651
0.0398983798646943 -0.0425649130108477 0.151655898722487 2.37867050650296
0.213402587513195 -0.220725457456412 0.167696289345974 2.90328806742936
0.200765489870579 -0.456787689816273 0.143772039882884 2.5120396562063
0.142846083366142 -0.0441634749300632 0.145505735747811 2.56770241896081
0.200819336164046 -0.192952626889407 0.20031281317595 2.3683756461421
0.188885293207495 -0.318729339493237 0.187230363204959 2.42986151049041
0.156801617996032 -0.254609856133634 0.127467707265529 2.64021191063392
0.0434886666341716 -0.00612180070282537 0.191242490414509 2.51175722657696
0.176020900651721 -0.26845513375274 0.151904369752944 2.4577347496996
0.359275794005889 -0.362045116803186 0.192853166596763 2.69698209368218
0.19155728116458 -0.161863187855322 0.149141069612986 2.35447492109098
0.260472074874746 -0.373149654924771 0.180857649704318 2.61133912566502
0.279594515416716 -0.0852177183545196 0.222507142984723 2.5736395000377
0.153420856989641 -0.147256560249391 0.135937887996885 2.52753817233441
0.222731627762296 -0.248696720211836 0.186272323407668 2.65073694260222
0.253696696007049 -0.13728210273142 0.181413909302052 2.41479910664202
0.305584300115902 -0.332836795079447 0.189320704356914 2.5659958594118
0.304162278028621 -0.389225922134359 0.184960834717602 2.30709438981652
0.195145906182469 -0.223630011228551 0.154780111213891 2.4598636384018
0.178875460401122 -0.191684981331423 0.157350343216691 2.55962778965722
0.298174678428558 -0.183983174669805 0.200443099795843 2.45764944957486
0.29470144123613 -0.266062858568132 0.182695737952348 2.48846967481346
0.249294945608736 -0.272054654482971 0.170510173980803 2.66600354822961
0.16254851031412 -0.286855222835472 0.172572142497083 2.4924667654565
0.202234340865431 -0.24873042505838 0.164862580792341 2.45323005799434
0.366952479012719 -0.238129787777636 0.155926574335412 2.36266708359929
0.301912785547694 -0.333644051926738 0.226746713280293 2.42122732625185
0.233446268128956 -0.293346939241392 0.132628541862726 2.63937513733437
0.265620652057965 -0.333401098792155 0.167814366076305 2.58803978728753
0.165875355116333 -0.097909797088091 0.19620253054374 2.47339848896026
0.261260835000523 -0.165296058321816 0.186597987571011 2.38450005764141
0.039315977823027 0.0702559174712687 0.17117520674625 2.4216918195765
0.209596431797531 -0.246482919968555 0.154557555808921 2.43249010510199
0.189628461792264 -0.233584411578631 0.137137922220733 2.52442881297144
0.0816220991622693 -0.0648959696467097 0.186540782655389 2.29673121363165
0.186121877184451 0.0257321079864738 0.244641597303237 2.63966191178356
0.20182876054592 -0.082470008076625 0.202470044282625 2.03870288818436
0.233827180752294 -0.221742752577394 0.166403692799499 2.59585729204277
-0.0732653707470429 0.235581088363919 0.193377330652124 2.59477153566822
0.138868081690575 -0.138583141785475 0.188316104735487 2.39451794661865
0.15270285953225 0.0110761690802319 0.16683791250305 2.40596533089158
0.271426217166726 -0.287934201635097 0.177429476096677 2.64968914525019
0.233805751829249 -0.214340689536459 0.162805787737201 2.53982856152891
0.116532535440373 -0.232320099865499 0.162079294865027 2.38889343717353
0.357613845231606 -0.412601790762868 0.153971148178963 2.46877054423846
0.218402596662056 -0.139702104831091 0.184537201501911 2.58401715223959
0.122113944141401 -0.107064251018608 0.130529281840036 2.57498995180162
0.221457737859587 -0.268587810020243 0.21486472739442 2.26565440125255
0.236203291351379 -0.224746797869432 0.219067816261836 2.28594381573022
0.120415511956311 -0.00508215044210241 0.142265495645411 2.49015585659257
0.440288547688386 -0.309851929182188 0.214680381056504 2.42767718552982
0.331523410959015 -0.564358252211512 0.157684692977688 2.62164671624434
