0.305127682298226 -0.261188808911112 0.202796480120161 1.39119111998941
0.0589720568082234 0.167973555225851 0.248165833926515 1.36179346076506
0.156572596073244 -0.0473504701728943 0.16152062731812 1.47315426211135
0.122679595230329 -0.068610072100245 0.184921947337942 1.5304708616641
0.128698196026787 -0.177005274386025 0.166888819057024 1.60544870754818
0.249456360219753 -0.230607499186693 0.161740142934795 1.46957973588695
0.205455985009196 -0.292012392088494 0.200918793082962 1.41990304254748
0.180298641992603 -0.163919712439502 0.184185563825363 1.46511742717147
0.333399517104513 -0.414736421674331 0.188250347838213 1.52610843717643
0.225923474225646 -0.43614992349928 0.228931325903457 1.60436062642493
0.089365790646318 -0.1226469185501 0.202055115082728 1.46668631914505
0.161891021372369 -0.211573260035153 0.152160640056107 1.63855137006289
0.117583614502304 -0.024620324419872 0.118878116540222 1.53695901114781
0.00271481782195869 -0.136995400225459 0.118878116481947 1.47505031988672
0.257905987178661 -0.369122571091007 0.174542376058302 1.48907163992762
0.173379460979641 -0.233295833959826 0.184765858930186 1.52952610266629
0.11507715551971 -0.00558972895796905 0.136959826995593 1.44919122650432
0.226432267508353 -0.224701338921424 0.177619596532038 1.46074967002799
0.101931042856707 -0.192264433858818 0.176684236579398 1.58841230210174
0.328583961612803 -0.190733352708596 0.228698147607731 1.38301770598769
0.171189080156307 -0.00130070775695932 0.130143671201932 1.55038870290432
0.0501120932868678 -0.0985800196738731 0.173667186670847 1.46197639943544
0.138490857198631 -0.169798330448348 0.118878116665995 1.47607648481582
0.310870175380407 -0.253094818297449 0.210580515520643 1.44060124560597
0.137226478848188 -0.0498948115221688 0.191010106099675 1.51955307325557
0.243058499881212 -0.322832155421433 0.210206151749138 1.49298651168968
0.128121446814625 -0.259252025674133 0.140457828467468 1.41578428405532
0.0155564430628011 -0.0691178441677435 0.17709476757745 1.42601124174081
0.224434611681136 -0.30804539964611 0.142083785613308 1.53920570130326
0.178635918165 -0.185207075135089 0.148063942106587 1.42581940137598
0.171064691221974 -0.17264052840302 0.18410640688203 1.54419283902072
0.187362027651757 -0.303901963361679 0.182515967206694 1.42458622587679
0.211860859295596 -0.198935965761242 0.144969691256179 1.6304156751029
0.101446019957023 -0.0220197670037704 0.127229412496618 1.45260671923005
0.130338926848483 0.0086001702350762 0.264791063360061 1.51737531595751
0.0893539978022263 -0.0496967473789845 0.155372486038975 1.5301067450507
0.414279376067549 -0.568038978833175 0.187182349660493 1.39238571741593
0.263488336425756 -0.404989491580618 0.118878116569964 1.51343746997707
0.27074656989889 -0.126005088416902 0.166749963650326 1.52149126089693
0.307576862205924 -0.11526442552289 0.185647877669029 1.46723841812626
0.124293829973113 -0.182186887914035 0.156976232045452 1.63746638746202
0.230416871726424 -0.225514060305441 0.156624502813497 1.45883980753368
0.166799739908371 -0.109181533531682 0.166184881457087 1.51840404045028
0.158493320853487 -0.350713650967998 0.145912173387335 1.55485105024959
0.346506647898764 -0.381616376046353 0.167481464697575 1.47283650529451
0.242450493077741 0.00525143112055012 0.219358343142096 1.47199396342529
0.266042561423992 -0.207516301696736 0.141186295558063 1.48041603200201
0.115105339784748 -0.00961101864236343 0.122455265529249 1.53129229414405
0.293178013929244 -0.442250967070899 0.172442946167103 1.57708062021733
0.231591070411796 -0.126764863986662 0.159887655426903 1.30915124187917
0.217000977767644 -0.31981172977852 0.169678966561997 1.55336786093551
0.169348304933348 -0.23787911444129 0.14306368996532 1.53082325962763
0.244190353559839 -0.233723148899546 0.17838097026498 1.45866605088897
0.197733591389446 -0.0573758144595018 0.150470349485018 1.37754850571543
0.186944768270627 -0.201898734527502 0.196701445348804 1.5942025909204
0.102096213120221 0.080500011135039 0.175892341830497 1.38273770378139
0.235040422741353 -0.201038693140852 0.163246116702207 1.43790281561346
0.306598732837219 -0.348986012501045 0.169658491147232 1.43265454282354
0.168428971177876 -0.0601693388032609 0.209540810907892 1.5221271157436
0.0582485772195269 0.0377433679283106 0.190446564584475 1.48508501766831
0.000118824295520328 -0.146242108707366 0.121655043450689 1.59208297412619
0.222333038806337 -0.230001573087031 0.175157102954916 1.54396362852354
0.151765059347145 -0.38492593917955 0.179904809702212 1.49619757896785
0.00240771163030384 -0.00787195199155832 0.129549852012895 1.66245915782701
0.26799296316807 -0.242459915861809 0.210420834580378 1.41131523606591
0.162697957553255 -0.0268261868229947 0.151971220147255 1.4964917024149
0.0513217606430463 -0.0809791125762742 0.162108133931289 1.53149490001074
0.177152378583405 -0.250199215892258 0.118878116482039 1.61531720204147
0.297641687592486 -0.220628642622845 0.177742819501161 1.53482278174842
0.191320648504897 0.0423882190009057 0.170790338818312 1.59898328623709
0.210930829884752 -0.357895443915452 0.189037674411353 1.55246242020986
0.0124068567008319 -0.0293568150354506 0.15628361635471 1.45594726403322
0.0838265003190414 -0.1671240073855 0.118878120058775 1.67271594691795
0.221561248806586 -0.250865732492262 0.196635484273313 1.50461110631762
0.110241612611397 0.0772144082787759 0.150445241247524 1.40814936077511
0.277391969819412 -0.328880750583189 0.180053386419768 1.46903789774591
0.276627421490104 -0.195504136036499 0.173096405144951 1.42517569892875
0.27175577802781 -0.174030360354679 0.188748871104983 1.36227103010798
0.0791828341299505 0.0469798259863401 0.185803528750001 1.30498207549243
0.294192476018635 -0.183696218872343 0.177947949838668 1.51364953859435
0.191650518563778 -0.0120871904655711 0.161023914325571 1.47048965288643
0.252674942261571 -0.192245350980123 0.209840657064747 1.49506488626023
0.19947935088488 -0.292384621623288 0.179099237892606 1.52922589482207
0.361935333283861 -0.247706435535028 0.208930756676997 1.48455307748733
0.211795064426149 -0.211756663617214 0.157356093301763 1.3904580783055
0.162215853164192 -0.238184186839036 0.17504589804554 1.4185679650328
0.292597503255507 -0.348669301025443 0.218747335762201 1.49402902166188
0.235257501194824 -0.198920764573265 0.153841687011601 1.43116331276258
0.179479886963874 -0.30182689229094 0.152320685135317 1.51050070888102
0.362830196854042 -0.484446014387473 0.187031017641467 1.49949012106664
0.210972823022394 -0.11104481601509 0.217055881618289 1.44361044978973
0.0929315430673579 0.0391149591199328 0.152515382533926 1.53193537473433
0.467803890260509 -0.418453603834637 0.197063116822231 1.5442894348833
0.17181442094659 -0.162690593642744 0.161821055015434 1.4897442785955
0.187741989144224 -0.249315122426352 0.172090420874997 1.40505933413916
0.12056643616724 -0.158194866615475 0.143284936495496 1.7086535503388
0.340486928230868 -0.373361033079064 0.148588882076827 1.61938254733486
0.227149789452951 -0.180955918441155 0.184603758874598 1.5895882366531
0.101966905714027 -0.159481915963162 0.182247233208024 1.59382593811277
0.246681844377303 -0.104415286745516 0.180059650936914 1.4780436631024
0.176660902538421 -0.182425130841071 0.164451232909746 1.5654951002872
0.280035560962575 -0.193964051731445 0.163881595004638 1.64880869785919
0.161110457877561 -0.189023745719129 0.138490409338394 1.56325682840006
0.0732768125924466 -0.0230625164074836 0.171903274411859 1.42865825170686
0.120963190951946 -0.0822129945690147 0.197977729942448 1.42722588162182
-0.0253538516432887 0.0507077522829207 0.118878116490013 1.51736677164667
0.128743697347503 -0.070176951465602 0.181880478089315 1.37430753548544
0.313232668371753 -0.254316140610543 0.181828638805386 1.40563808408141
0.227855272517088 -0.240363015089332 0.192234975337022 1.47334482062544
0.259094977471634 -0.180596051586734 0.199209109211301 1.46892765198206
0.0982327197965332 -0.14481932130323 0.151811627206025 1.57285412117171
0.36836907709586 -0.167128953325452 0.178668330344574 1.58175272734465
0.296650649095015 -0.272312855022765 0.17289667957221 1.59470964815257
0.181185466760457 -0.234810420324946 0.177513877878831 1.46478785292551
0.148375175487046 0.0751048668438709 0.1732066169259 1.41559616097555
0.276830872748273 -0.207673736996065 0.210611867857958 1.43266986355741
0.211356137956832 -0.189724282358591 0.204564458433426 1.45439853854948
0.402298107503711 -0.420913852046468 0.171503218861722 1.44573153308064
0.361913036590873 -0.295223264339872 0.19386886289272 1.50425253495185
0.221830472117535 -0.242348827193284 0.180071736494518 1.60753833042339
0.347926891150804 -0.394872185192955 0.186097726588703 1.35903002579591
0.453176881453732 -0.485489179215559 0.161022266970449 1.52236162431691
0.156408001530598 -0.109374098814995 0.18877493058403 1.48084283344018
0.231717682601971 -0.432783069929054 0.158020308068468 1.61036331264468
0.172659343380332 -0.169994151226256 0.140476026470402 1.64539659867419
0.219744622383774 -0.245388567323805 0.144153456833088 1.46572467468953
0.158856050533211 -0.218955959390897 0.189528874563862 1.55602164998039
0.174515603056711 -0.229535513861098 0.13071988808149 1.49271461636277
0.364014436746671 -0.363425359484243 0.189848019700161 1.42796308670807
0.102973998993708 0.0695987237278124 0.214451079811988 1.47338127899329
0.201020008149232 -0.191940265120895 0.221937330354963 1.38428708196711
0.214949111612808 -0.233977160561511 0.187953717600647 1.59516825449853
0.177504898991019 -0.203584955767294 0.158526858446464 1.55240220888826
0.205858686661782 -0.367892690908289 0.178817287508294 1.38416659416007
0.191736094132787 -0.289728357916574 0.165367169003646 1.571288343232
0.246232958901734 -0.29703426848015 0.166533332353012 1.4400174530808
0.315133376498636 -0.259082830317403 0.19187744137451 1.44361937564453
0.176042930019642 -0.36117036038641 0.118878116482631 1.59425784936399
0.253857897654952 -0.221060367639515 0.166522397570103 1.50468808474225
0.263432433498091 -0.228135911843621 0.209459233673047 1.57456830845129
0.28849937124706 -0.330499186094926 0.174174281300961 1.3270884686116
0.333211826838545 -0.392456258658059 0.167673116162759 1.41251669260916
0.208388391920837 -0.282899059776094 0.209626774073839 1.58820866240293
0.166596072857317 -0.0965016622750118 0.181498212414494 1.5763287548849
0.244938160648995 -0.273651620437038 0.152068714028981 1.49887452835841
0.447031961233848 -0.319499440697142 0.177400052952037 1.43575525307551
0.159252221118313 -0.148273345648476 0.178639611547356 1.56286500678367
0.268855509774784 -0.429571807719121 0.127503741304557 1.56106515008773
0.215299172082162 -0.0364747736990475 0.177575346392589 1.50869305478313
0.222894986543436 -0.182594736150299 0.176011134030887 1.42573156941421
0.202041916113389 -0.163250860886125 0.184296857207224 1.49810790127411
0.344951351894027 -0.281635418806354 0.243706468494531 1.65651419141472
0.195055736818496 -0.270124031756917 0.181828393362354 1.47829012371854
0.331581704601848 -0.215171352999732 0.196106259513636 1.40252747550431
0.19128330844491 -0.267250128142593 0.169365931829997 1.50775567867989
0.333146009642454 -0.288729549324288 0.150360743628439 1.47067247103143
0.236582998033357 -0.290425791588313 0.126510731371304 1.41888601238102
-0.0392243091614269 -0.0136985903885137 0.123860823067515 1.45592513138009
0.211813619801135 -0.284272273757277 0.17796552339561 1.59555183369221
0.161132249828566 -0.209049183050927 0.173358580217975 1.44916024082218
0.00872456861953287 -0.211564686052526 0.152671471608675 1.53816556937195
0.132385621391669 -0.103678801074996 0.171048492264634 1.50472147051666
0.350644196091701 -0.36437594137845 0.210627732624696 1.47750615226367
0.229772965872407 -0.105429211066417 0.224402636117893 1.39571782185563
0.178620297912129 -0.253886325483236 0.204959411319103 1.54838294771482
0.0779605597516053 -0.0330894488064172 0.1712796455017 1.46145085481842
0.197791711958717 -0.354701364111757 0.165303647266324 1.5059840757502
0.267431525108849 -0.344386762741133 0.181075000450077 1.50356473406244
0.263100451085568 -0.462582296455543 0.167551422073979 1.74892760572925
0.0784891722940782 -0.219498645976885 0.140733785488814 1.62265279089713
0.226219355068138 -0.279117858448946 0.222157583796365 1.42567508841072
0.291638419303673 -0.188086464437746 0.2006593552516 1.49672387107786
0.19213504875702 -0.357694219293349 0.155589665920704 1.58077344244139
0.119260227903784 0.131177727184724 0.196789253529222 1.41568698671012
0.341526832162494 -0.180654562009669 0.184176757521387 1.49716216995397
0.087200714784218 -0.107286983640844 0.181302459611778 1.48466755930973
0.138210677612666 -0.0367459942929345 0.191981360945718 1.56602032596504
0.303782178392288 -0.381528744232282 0.166449965234883 1.49928346200628
0.3238754607534 -0.291479798119291 0.145505277757193 1.55315211353429
0.202346860567795 -0.250596619955015 0.167916857031684 1.47537855036794
0.119212181574222 0.0326313643164215 0.179719914812358 1.53285486220842
0.419265876240275 -0.495041459021185 0.172596505108747 1.4617401036852
0.00370030333921974 0.191812793212663 0.180864076826522 1.64487131842995
0.242961819391966 -0.118992481352709 0.171814870996677 1.61018914106656
0.100334192080322 -0.111056566387619 0.196928138760404 1.53993461724496
0.387221259814081 -0.508876327815481 0.165350202153859 1.42681189894534
0.372911177635357 -0.397397900869903 0.120254784855247 1.5558086869325
0.10308372507978 -0.248191025849339 0.130596942013291 1.72338396290284
-0.0369630912480194 0.331437400056142 0.235857736455151 1.42335755501409
0.262778390527189 -0.168345579942414 0.165171255130755 1.50457689207478
0.188810471893702 -0.191849906657338 0.158185332198044 1.54813501543737
0.0988197264342466 -0.0189083795824301 0.163922275810747 1.46107659255139
0.0921280074938302 -0.055441338134742 0.218615250344286 1.47452700860106
0.318540514812808 -0.281382189599542 0.229798583763411 1.41518060953703
0.343728305424439 -0.28595075329615 0.198146841075855 1.39980101727316
0.193485989067791 -0.251916566189166 0.176611447174511 1.59755659521639
0.219946913457291 -0.179100942921016 0.168947901586875 1.6139561019275
0.414717037616162 -0.362555122194308 0.165246528747184 1.43033803664008
0.296500590545018 -0.426845848349868 0.156750553018375 1.58573933705248
0.335842639814409 -0.449950930014055 0.151183928075868 1.63190302817839
0.0774433507040549 -0.0446143582665157 0.165453941515942 1.49297689504268
0.243965303038948 -0.26429448312723 0.156061335796469 1.4048304530344
0.246173335362651 -0.126515714997304 0.219847644246207 1.36461755172918
0.247732151469035 -0.0834257109525479 0.174533976432897 1.54106460047174
0.260108496930363 -0.208978647341123 0.164594831894198 1.49820909794973
0.240177621509083 -0.105502914178411 0.156368477879721 1.53756228995984
0.198995407161906 -0.185074672847622 0.175011164481984 1.40735240966453
0.21969151445786 -0.464081365522421 0.119484759473786 1.5601611201847
0.0414484385468892 -0.0542357997121706 0.152729653233985 1.48847030127443
0.206583177513549 -0.319268930236276 0.184245086142897 1.45085031923007
-0.0398636613997329 0.278254250517862 0.183280013697548 1.46944991916249
0.28365994114115 -0.259960046503626 0.169829703780997 1.52432304019261
0.178166759269421 -0.154458007975379 0.207403767202395 1.53776526619861
0.246650932611659 -0.198220840188533 0.216167076400343 1.58355767517844
0.18051876133585 -0.217518306399644 0.185413071401036 1.43370458341176
0.0595157677618063 -0.0617497029220828 0.167977018150765 1.47429805607341
0.206285194757422 -0.358522149491107 0.172394387024363 1.56836794124533
0.317088116082259 -0.288814384202419 0.215442336252862 1.517937075705
0.290194987904434 -0.25376776997357 0.20514127360487 1.44839202489211
0.199362750052147 -0.316631425183989 0.184238730303125 1.50605787444745
0.335306346196176 -0.356437983163353 0.206167417601274 1.45172211484525
0.11935951635448 -0.231068806137028 0.167985451357603 1.65504598453568
0.281694330144935 -0.368526368108959 0.125210471882041 1.58572524580019
0.333544824198867 -0.3188729804608 0.224181733132523 1.50528933286604
0.149149165995785 -0.174423510040396 0.236770052946598 1.44870070546369
0.191541386266064 -0.210184435970918 0.178574307332933 1.51545306342406
0.290616753765159 -0.184945085003603 0.182579949326655 1.42902034665469
0.261924973787304 -0.186719629753171 0.139342177726414 1.47680482464809
0.137926098685206 -0.156948275837452 0.199167868491097 1.49339170733874
0.114609595645916 -0.115677198633774 0.192795422060345 1.59590118519239
0.115370766275965 -0.0658460383785339 0.183907984660706 1.54537655286258
0.21958374229245 -0.277383610448122 0.188851109709845 1.54961142925485
0.134616291800391 -0.061524105976617 0.184316914543741 1.52863985356911
0.324000012533673 -0.265571964197488 0.152973259165049 1.52915627669537
0.19213332804787 -0.127110616227851 0.118966458384816 1.55843473034127
0.183626005932845 -0.0490179943311736 0.204108684854055 1.36115128731734
0.288260564339725 -0.170625771071007 0.190228818760526 1.49374907624541
0.0593378209313561 -0.125192564262237 0.182095464165008 1.36422563260379
0.357111061056927 -0.335302178024791 0.192054238846108 1.48032632559855
0.285326764877751 -0.177151367537925 0.194001887994541 1.47924716597887
0.239031600947986 -0.380695862391318 0.126130674633963 1.47885158385952
0.269487891749262 -0.0893138093087853 0.272680319071793 1.4814308495411
0.416418346370752 -0.519711764102177 0.123059671015837 1.5135317193972
0.295411845407307 -0.358665663727094 0.158649203114978 1.71182422471687
0.0289480993303069 0.0626353464289491 0.174248571023927 1.46526404350873
0.234332417557128 -0.207075399166991 0.230666582630318 1.43034038634113
0.36761781449021 -0.446715414805732 0.245187337974762 1.46386491331244
0.453768340539669 -0.511689225159538 0.14434517536902 1.53357854361447
0.175698241564692 -0.119025661696804 0.184587013897104 1.45852319765651
0.151952744969507 -0.187490127282775 0.149375737935873 1.5293550844036
0.357845657636038 -0.200015857973091 0.173661544762316 1.43246022391958
0.219083596280623 -0.228385969083971 0.202308591656933 1.57523446360047
0.320607186090759 -0.348123286310476 0.199695275311684 1.39062160792093
0.348697935666335 -0.478947114573621 0.155155681646607 1.52204204409126
0.205500983733577 -0.201866291650314 0.200921013909385 1.578230506585
0.187985077354865 -0.295815590389931 0.183489031841948 1.59987314507829
0.175117010635613 0.0515022846386419 0.254267451124825 1.50063015831661
0.248286161311864 -0.369386315982502 0.160308901748798 1.65156662303251
0.252406115694529 -0.298163700269917 0.202209789828623 1.46380203990568
0.226425019645987 -0.293263565885467 0.210119252267041 1.51190103511712
0.0801634783923344 -0.159034223432141 0.18306558618487 1.46699143116662
0.162386709964842 -0.114059397852227 0.139973995285859 1.53726793031657
0.077622339965351 0.122768791438897 0.199308475978687 1.63522659256615
0.290362575518827 -0.126826967858881 0.201872586179101 1.43712209182503
0.288317732031355 -0.334038248102446 0.19668657228938 1.53062515403454
0.119311382606381 -0.125500422011472 0.176022537520176 1.49753094548435
0.118222221114508 -0.105955322704745 0.174343146055716 1.4096881602294
0.19334401724459 -0.271309816617341 0.164707931211199 1.63924910515282
0.264880243836622 -0.167346255041996 0.144346993939737 1.49153060796969
0.138827964077662 -0.241162070013108 0.15911527854567 1.55087088840077
0.26586661146799 -0.317319804173729 0.139898264204561 1.57751971558645
0.285286401687793 -0.39578662114052 0.158759526995558 1.60465579832077
-0.0274362751039521 0.0812640900425647 0.118878116481952 1.52016234714929
0.229187583324808 -0.0657018771624473 0.169514805723427 1.58391484526785
0.248048625649063 -0.282230523554778 0.194027551769218 1.68774776885072
0.10038175188091 -0.143527010411496 0.170835701461325 1.46037650467451
0.168197592605181 -0.16533582579231 0.178690020793926 1.50676844301874
-0.0589784068730992 0.189923075348206 0.155351139706803 1.50497949460264
0.14476548331021 -0.153344628152164 0.14760878215256 1.52500035105767
0.166640708661151 -0.11854150078988 0.155761437794724 1.4968179445207
0.218582934242179 -0.423027057219541 0.15844282229841 1.47794233811462
0.216250344751126 -0.151741666056146 0.204185087402295 1.59126343219826
0.256473895630687 -0.387979481055113 0.211530214254865 1.55662904010687
0.112203387407491 -0.0985129662709603 0.157482395506046 1.53078142398385
0.0520589709850524 0.10167911266753 0.194152624164536 1.38168332741634
0.150097759876146 -0.188403133708032 0.228581404086652 1.37880073646001
0.244921751990152 -0.104715016755984 0.193890044866577 1.49494526028738
0.231259706989267 -0.242595009164062 0.156101787246987 1.52894644403071
0.247501306106469 -0.236518311021293 0.137459051690253 1.50550451475338
0.344283565815767 -0.397620629470046 0.17027835814921 1.53076546103162
0.223435053308825 -0.346050832536213 0.161627114331895 1.57904553796482
0.252190984434375 -0.23446403576811 0.151064567709263 1.56295776344266
0.234870365560252 -0.0533670802424959 0.154488946754713 1.42342489273465
0.23076556020878 -0.365854367890482 0.118878116502359 1.45753405284695
0.178847606107681 -0.00764776333443035 0.171983866781798 1.42068905240135
0.20622632334616 -0.196782692815154 0.180315976928352 1.50051401352709
0.0517804496246015 0.120893076927127 0.174810379035015 1.58733223870244
0.184787130915067 -0.239525722562717 0.182445218298725 1.42648178196567
0.186850148999178 -0.184273223220243 0.161265964025809 1.5973415023519
0.199729011913991 -0.215137079295247 0.182990791123125 1.62472548365979
0.202835950178353 -0.270627769353431 0.187278519570913 1.55359554387502
-0.0145769807225764 0.0621532900723794 0.128814631059465 1.53525053317338
0.269804754220262 -0.235361956191877 0.161767021983735 1.53209073204313
0.118993371016738 0.0792240393799332 0.181551637781711 1.76335047693295
0.307321229821235 -0.329262104571302 0.146374665665627 1.4375214008289
0.327069743398021 -0.223151885534014 0.277750689579914 1.34944678851577
0.275969715514203 -0.296949503692938 0.279172891650769 1.48884388296576
0.182969640714549 -0.22991076805293 0.127742057177071 1.39567325483211
0.200360937044157 -0.154139795907067 0.184263360979773 1.52740099886592
0.188680784046241 0.00988417907559933 0.193930789118486 1.49244003075792
0.242441807830834 -0.408436501519595 0.235208865039663 1.60486102853401
0.208434945108185 -0.185148732862177 0.149876588708536 1.57080640952447
0.296869376359523 -0.578935638346582 0.176213808084187 1.63030896724004
0.207022345411553 -0.15775246899939 0.156046989359242 1.40328256606459
-0.0190386791703915 0.0692747650105318 0.182012872467685 1.47713607894307
0.298042081610679 -0.472412648658965 0.176374332898643 1.46005109092747
0.170727166021251 -0.325118729019534 0.132380714636351 1.49064237930873
0.152540986174005 -0.151702011944271 0.18269960691883 1.46753942403787
0.31606441476726 -0.338612665139685 0.118878118012379 1.55617541066527
0.160823548740368 -0.308862980678821 0.190136639497033 1.38339134728274
0.117236171185327 -0.207916102291 0.189268411852242 1.65902973638131
0.309181637723385 -0.187661451373513 0.163019133094457 1.49894009302226
0.201298817864708 -0.109342379179999 0.184404140222673 1.39984887386416
0.248434336368232 -0.4090824352342 0.210212149056275 1.51718186449172
0.21624371811915 -0.22147870944006 0.201655421706972 1.61621707842733
0.100347337895144 -0.228963695544002 0.140475391487781 1.47836879339691
0.144268936513281 -0.320615600850467 0.240070256292848 1.43890795252283
0.220419839618866 -0.182238963463455 0.203683830233043 1.40125912804618
-0.0507068358723985 0.0438149483127669 0.142088351039457 1.61315506538061
0.261492579584512 -0.244751247841564 0.209795206676031 1.58710367324829
0.296155650222949 -0.217631890674235 0.152567158678295 1.47619526689718
0.331508494452372 -0.394351795753582 0.17454633298665 1.60393028549077
0.0953210018353969 -0.198374262926273 0.143009550078118 1.48988133543072
0.0103396659935284 -0.0822090450198154 0.145576315176006 1.46964484244901
0.136453410401131 -0.163425531251999 0.187119718337394 1.60694580074082
0.222683245714594 -0.173860793229512 0.165922100327723 1.38953835429088
0.35795905024122 -0.347868541872591 0.118878116481953 1.61885785803609
0.132851421105069 -0.153039260131165 0.133374775341005 1.47469664747018
0.265193699498944 -0.349417546624942 0.157580858265601 1.61448592204919
0.281625329291112 -0.318324814678692 0.164491130550022 1.62364385822801
0.229859916204941 -0.15071913508116 0.213055404611569 1.53776364353564
0.451566786033819 -0.403234102721918 0.180550500736319 1.64537671645817
0.210443605745496 -0.0888600563169898 0.179123154758134 1.49923110500172
0.104880691773661 -0.0636098131308762 0.16861514553785 1.512327984551
0.231980575499795 -0.238025017738152 0.190434478036227 1.5422791975787
0.179048702199536 -0.111894244202488 0.198853687189366 1.57045581645606
0.264297277996668 -0.252180046474285 0.16913394471568 1.46913032771199
0.272628854773276 -0.226222930138438 0.198389168566325 1.45053422758218
0.0376002874476041 -0.171776680783696 0.1316340783875 1.43317904727507
0.468540176922502 -0.525520932059575 0.228134571888296 1.66867397045078
0.379347705869561 -0.340796867845318 0.153937848145882 1.53241416583918
0.280071336912839 -0.340113323551186 0.207620995333145 1.5128296884252
0.25637996507242 -0.352434079111724 0.176840317628019 1.58611218524271
0.281829717987402 -0.265709472444557 0.185900690273404 1.65571019616816
0.231984777386773 -0.340944886905656 0.198964500933656 1.58537165936048
0.186300672903382 -0.146491028180597 0.144964532210488 1.6457507636466
0.124211237850837 -0.142785840999589 0.193705059728218 1.53446809367353
0.203178865273887 -0.28182370721377 0.164244278449786 1.51788916708103
-0.0120728344271024 -0.132377538274189 0.144280797847911 1.56041407943562
0.0146372615833743 0.0252403246206728 0.149573786985385 1.61935604531001
0.384915751314405 -0.491638276623417 0.159211261877403 1.56935737712504
0.230982370764734 -0.323219810542302 0.163658760038424 1.43599897026852
0.183431841535185 -0.0772573337720183 0.170676301753718 1.60910416404195
0.266980703497145 -0.0894703684322081 0.18683924192732 1.42088365836761
0.256065817061456 -0.153580843482139 0.19270863924055 1.47012608952912
0.233569612080018 -0.359845291374408 0.174740638088639 1.84323868739173
0.279489289796497 -0.450044736754661 0.179121454562098 1.56208119576297
0.275081167201178 -0.313675947256568 0.160739178376203 1.48891278474281
0.283828549073232 -0.350655477941131 0.183474756780032 1.54908122141237
0.19046076774845 -0.124972767137279 0.155688021391693 1.56723869667288
0.149246857223191 -0.292047141162308 0.121785298442681 1.52274109428578
0.263034594745472 -0.208195757270877 0.127530509866217 1.592548494385
0.167519241367043 -0.266875525679001 0.190201522595563 1.52835674314222
0.191119920909734 -0.0288411894208324 0.164902559775453 1.51015858445212
0.315419801105922 -0.249917121022198 0.175608922112864 1.4499249958624
0.273196261582395 -0.473679191182422 0.177269630326107 1.73477260569687
0.305303649061386 -0.295871079046406 0.235688397203795 1.39002322309564
0.0540284486452162 -0.07279587995511 0.16599225271697 1.67243376721286
0.161647775020579 -0.265753370480692 0.155786906678763 1.66216794001444
0.189460200098861 -0.00160831397260019 0.182886595952351 1.63888006830456
0.306705497395613 -0.477758848070964 0.150963789300474 1.47242375320779
0.352609301069701 -0.299324557505413 0.161281065097733 1.51420647317425
0.291054450115735 -0.198481609668844 0.146499618437127 1.59793491671061
0.337244746860536 -0.434570560334641 0.18307065809243 1.62166018667629
0.321464558891687 -0.293809475808637 0.168588467935904 1.61787618305406
0.271369854651077 -0.232753435831506 0.211907138990639 1.55619769687345
0.249001375070324 -0.311298091343576 0.164347241637134 1.59915859328939
0.139807154328665 -0.0952484836297506 0.16270496605913 1.58440301465823
0.0949779245800316 0.037932337183751 0.158812661224477 1.53099144094152
0.272722001624481 -0.322147638672404 0.244970873682262 1.46025657586213
0.303328647766762 -0.471310261765171 0.174037022108788 1.52960002522585
0.224834764262133 -0.212762951289941 0.189169167971541 1.60815214635642
0.372248888078719 -0.214229337036402 0.152719033319332 1.56395214966182
0.189923302688818 -0.185609446343763 0.236044309311136 1.35782768624812
0.355280200519154 -0.294358318762166 0.141184405167976 1.42231726573589
0.302258373613721 -0.209092379137502 0.217363970590173 1.51884595252697
0.211870140198282 -0.114142569936466 0.18500659852311 1.32090423969379
0.433248491669869 -0.435378471540243 0.197496653511348 1.53925547454744
0.275306986024773 -0.437975414164823 0.174645064262044 1.46446472005434
0.208481900425402 -0.190218961915728 0.177949339380568 1.48187582252722
0.106480611760189 -0.166744493832622 0.16399605862479 1.47908271459382
0.0765832310852759 -0.211031614640799 0.155368250983916 1.50564100489414
0.00480731452260144 -0.0496797755955594 0.178474352676823 1.52534367111908
0.118173732170916 -0.211830347471586 0.222743105066698 1.58010614050072
0.131376782817413 -0.102655824933752 0.129745558360958 1.44707018367061
0.20656952082426 -0.107788082535896 0.220525031417681 1.3795486268298
0.1159902052998 -0.106632781890388 0.178052211011984 1.51311821810688
0.110308667891733 -0.142433776097938 0.122426612310033 1.66382624823935
0.272321891684969 -0.309353802333328 0.252017192931058 1.36848499160805
0.161981871799413 -0.113989352895969 0.171871651396268 1.50979031119716
0.0597675114033043 -0.071580593285664 0.174835579984745 1.57096371848092
0.17023437101493 -0.239757810907372 0.178602478376768 1.41650534855954
0.336479015128331 -0.506650909877053 0.195442486884059 1.50349283108547
0.28593008115997 -0.228379955192918 0.147524654064161 1.59460832504397
0.309717250075962 -0.32576823764021 0.213465143730713 1.56325641623647
0.162385265086595 -0.220638294257098 0.128160066107997 1.55351708043427
0.171004138242617 -0.134215320887527 0.183698462975856 1.44791412524183
0.35038472990637 -0.576524273069339 0.151561059417623 1.4611965227393
0.0597729252131568 0.0893103952164361 0.188233882990229 1.40894815353174
0.108242074897968 -0.019006445138044 0.178541374297821 1.57703642206616
0.449296053412645 -0.515497706270711 0.219505490553381 1.48475713378211
0.17067456811759 -0.217598320335086 0.185108137155361 1.3719765557292
0.24160754995269 -0.15864167096351 0.11988934190944 1.65678773611965
0.205437148866467 -0.150396690698335 0.187892498085192 1.55724620394667
0.174510978706083 -0.189975640808125 0.174241379246418 1.38342754456564
-0.0241573920581261 0.107916757488779 0.162166620522487 1.6084939941002
0.0645711652151655 -0.0149961886882097 0.173140516680516 1.64961176899056
0.147110806946155 -0.207570868954668 0.176997092724177 1.37947983487943
0.0112009524230786 -0.0116209047577908 0.178813905744348 1.45722993655153
-0.0680886754836461 0.156894399757004 0.120344113262817 1.63181952857377
0.234561178454727 -0.223642664706334 0.179102693685138 1.52567952717755
0.0539337356301336 -0.056758775583094 0.163381373300571 1.45530885946924
0.380395461185299 -0.435719668689236 0.199004484887614 1.41948450302016
0.379326665867214 -0.149272785032055 0.151588029026238 1.48516500559873
0.0963526162255363 -0.00323830506020354 0.197395747679271 1.61547441503832
0.219113465960717 -0.254794084289167 0.202921438605137 1.53311700751528
0.287158579683115 -0.144988586020981 0.168492198719613 1.44005959813149
0.14444878141355 -0.252155948660566 0.163377237649969 1.54195102190771
0.186247301114529 -0.12190237184885 0.208169387764254 1.4937731963935
0.124284059936857 0.0101730824413294 0.201577681630757 1.54627960735337
0.199646930153728 -0.194786881558083 0.204765243787416 1.54433428573201
0.160518246618811 -0.291638929781615 0.159978297447165 1.36855338550777
0.306504893952716 -0.290002071295367 0.178959136506209 1.35483196614257
0.310222354932254 -0.326536271771615 0.152075154733023 1.36860557480497
0.342169487663234 -0.343617430605901 0.161781818914234 1.4594089124968
0.163941512408789 -0.307018377336957 0.133394944149087 1.5612583033366
0.283216623596475 -0.318826676996455 0.196167295332556 1.44235046178076
0.29020316872699 -0.227400012394677 0.217021094145493 1.44744932728244
0.0138012677837223 -0.0155117714104034 0.151828683866021 1.43163619811402
0.214552693411102 -0.22307723179601 0.167622243211733 1.72692682184938
0.197213814461749 -0.489886789039371 0.143996589496026 1.50906539057462
0.137176530462615 -0.0226579844469489 0.145552271637672 1.5377087177732
0.204311763492046 -0.195552139472203 0.200318393633941 1.42506596523545
0.19217009264804 -0.335821067896494 0.187813457859839 1.46068733772676
0.155824683574379 -0.270449072187815 0.12734487992591 1.58189780114857
0.0249488972148153 0.0145212050544204 0.191452653191945 1.50585759822251
0.164854256569407 -0.271576695778964 0.151964907910518 1.47690716096185
0.383049583803535 -0.389538884876812 0.192684197499037 1.61261265322318
0.192820039315508 -0.156371061357786 0.149167218313195 1.41876926732075
0.27428388422141 -0.401903595997247 0.181026902196255 1.56140781774042
0.297654867745483 -0.0780270161304522 0.22201465452057 1.54624119115045
0.146936138184881 -0.143442012931425 0.135992647564225 1.51583202197507
0.228030535224923 -0.252989923890046 0.186159988905409 1.5867716546492
0.257865332560512 -0.121960936775407 0.181261359538741 1.45294675055773
0.324139450972516 -0.350856966949459 0.189159608097706 1.53943828348668
0.31549699747908 -0.412768350845574 0.185112461482377 1.38985475932845
0.193109414517842 -0.2256388989381 0.154782001297764 1.4777389193314
0.181642086998091 -0.198370123940257 0.1572438499498 1.5352496267127
0.312567605931597 -0.188843014219437 0.200229250773861 1.47834744741086
0.305588644923557 -0.27505434396333 0.182669192183956 1.49313023864689
0.255736108797736 -0.283839594834161 0.170393605318719 1.59534241443886
0.154057769961433 -0.293991447660038 0.172876993613018 1.49523419705163
0.201076434557665 -0.247566217455984 0.164532488865459 1.47832136979466
0.387439010549877 -0.242739351638838 0.155951341287199 1.42239508443422
0.307139586848669 -0.335545747830329 0.226589928925509 1.45586262164195
0.236855839109823 -0.306623508210229 0.132724311686098 1.57735000886689
0.273204900451309 -0.353450469964604 0.167607234083146 1.5519130650177
0.161957101832045 -0.0824018013310899 0.196201108426966 1.48452342028789
0.265491029146417 -0.155212979368804 0.186518877363585 1.43341361033218
0.0167642535503302 0.106017463840413 0.171397818175761 1.45493563864524
0.213126177583812 -0.255140838172521 0.15464787541734 1.46037865393887
0.186451119375827 -0.229790961217371 0.137075896543144 1.51468197075945
0.0648854212221478 -0.0465386566237959 0.186760843188315 1.38460358777999
0.184956023362396 0.0542861600163509 0.244417745500463 1.58053665276117
0.19903025986076 -0.0578705691866987 0.202621974137981 1.23534560717248
0.243686882675103 -0.232733284834042 0.166206976399603 1.55651463218895
-0.113105546071556 0.300572635688858 0.193395620450397 1.55659534950764
0.128406427996557 -0.127663965992572 0.188459138334619 1.43894648801504
0.143295342693944 0.0414779901456288 0.166922616729502 1.44646720939959
0.279970232002373 -0.294246084312834 0.177077006054619 1.5850182038445
0.236971523157941 -0.21163402803856 0.162724871495783 1.52324141883446
0.108348275648347 -0.236874877829637 0.162235727500852 1.4382868012924
0.381550167951191 -0.445945307703689 0.153910593391721 1.48324327072418
0.219901617538661 -0.132319771962876 0.18447311572678 1.54866141704762
0.114446927369369 -0.0992924816252337 0.130514132668673 1.54211447954739
0.223223802306698 -0.279062081880633 0.215026104880783 1.36631480692516
0.241893559705062 -0.23364985105279 0.219243088479361 1.37694777227526
0.107342149148959 0.0221994542402337 0.142242328679808 1.49455398204353
0.46571564535439 -0.321869539171789 0.215030299950101 1.45824952816324
0.343881220924393 -0.606443047482024 0.158057507699506 1.56651283205321
