0.287999064430484 -0.154902604814788 0.221847477312621 1.42134287923061
0.41774164708244 -0.704509914765081 0.211491554046257 1.47843102664812
-0.00513650222526547 -0.0114063321547444 0.219889305672056 1.50598117585376
0.163367138142856 -0.206125230718904 0.196988649000609 1.53150405945057
0.231591425015696 -0.243533178699292 0.181436209700036 1.46964563582614
0.120011735931895 -0.113237852836153 0.200584599995785 1.46736554136944
0.122092934983639 0.055318574234265 0.219454791967338 1.64434775355189
0.372190116881889 -0.401633906329906 0.22542310198991 1.48697843123274
0.126423047921509 -0.153635097981682 0.243747902968674 1.51417063694356
0.119365511103687 -0.108765635415549 0.185161507993106 1.38873671804599
0.104580952787331 0.0545384157479476 0.18784026188954 1.62752814930637
0.214717684412796 -0.182205554100573 0.196638578244875 1.61145764662996
0.191485060692839 -0.226512946005275 0.167029191625754 1.42870518648899
0.22377241817712 -0.244322628865719 0.168359070097205 1.60138080769878
0.323045876646079 -0.091604861938363 0.217995843250699 1.51375433475009
0.131851617210449 -0.217149466060488 0.194694765145005 1.47943341646226
0.315391786458511 -0.177446016329735 0.21449903351561 1.47607914940919
0.327872267163205 -0.310838839069285 0.215038355674837 1.55685667469437
0.0757464838644023 0.0371339122111321 0.173906888720151 1.53363572027068
0.303534395651665 -0.217451320948589 0.18283340986077 1.44003410105288
0.00624165120587629 0.0128935423952863 0.183079913483018 1.45780025665722
0.249618928707958 -0.465187393036072 0.128138103939563 1.68175355424141
0.0770591475115377 -0.0768280814380611 0.18839650313015 1.49117104075775
0.154891097849788 -0.30544563607424 0.208340588648824 1.29383764269282
0.170762695316733 -0.123321867827533 0.180869979087486 1.48220218390187
-0.0419331517140707 -0.0997771050014958 0.160492834220894 1.53780317606982
-0.00409212902861151 0.154062147712735 0.171307131804633 1.59217702553844
0.227836948966202 -0.122086306047112 0.235879817649327 1.48522642962444
0.127645438312244 -0.0868589028111863 0.17954254367318 1.43853094340854
0.230850141745295 -0.0586380284093767 0.233159033650301 1.47162522525917
0.150052631819934 -0.0163291467303567 0.197241907146211 1.57900958672709
0.285644611005431 -0.404412462450076 0.226103410318422 1.3750452998986
0.130341717972746 -0.337808498685694 0.207291073490796 1.40785498527891
0.172388028236216 -0.377406619429424 0.197270860711512 1.49724152277245
0.280352511956638 -0.376210252902409 0.170415993537816 1.45313055645605
0.105086436869112 -0.0926532475913747 0.176499600988286 1.49109431616141
0.159858231841169 -0.0507120064013014 0.153856651355073 1.70380793650007
0.107110300776945 -0.180043671913579 0.172578402225645 1.33948272898966
0.0984205027608693 -0.152022898949208 0.217605335078928 1.46143104303594
0.17444679040328 -0.256724659502042 0.20440386728712 1.49755829104014
0.269330296854629 -0.225955672995234 0.195092770997654 1.52120883696317
0.151042697288515 -0.0480505362441387 0.230057581850102 1.3308136957097
0.0780142945670974 -0.0611720218725788 0.197127676057611 1.38729807417561
0.186558641439866 -0.330997581687791 0.230142327711599 1.54371345932794
0.163655636315719 -0.198025207951736 0.192309194202709 1.50050212450354
0.00371913231997649 -0.156803913999684 0.170522486024815 1.51531527846969
0.26038855324383 -0.188870389080455 0.167406735194172 1.5075065222407
0.00809645871666917 0.0309774945178273 0.172058539209496 1.7009253137148
0.272416808472951 -0.252934585021045 0.174856939146308 1.48038919582501
0.272343357954101 -0.283534712310822 0.198633625378965 1.40383322267399
0.0950341424327816 -0.137538037365378 0.190528339031861 1.52225405277625
0.30865101077675 -0.303535721602921 0.227798372319264 1.74687693473923
0.17260533595212 -0.164207741681837 0.205571900845103 1.43144151279537
0.170961481233129 -0.234319527845383 0.208253090519852 1.41292479205524
0.0769394683584275 -0.190568826343792 0.195210055827054 1.40736842097889
0.414765429823683 -0.394931301289641 0.199872598660065 1.59245795202481
0.209780261769236 -0.222859437264543 0.152565297538742 1.39595198073574
0.139451910093326 -0.18584540858855 0.146263099273081 1.49724337227661
0.288242024275112 -0.343184545572127 0.211053149781152 1.38904081473449
0.216921009366174 -0.128310345492425 0.176933370378463 1.53595923816782
0.145259657065073 -0.159388618802167 0.197222543371122 1.41920525877246
0.321878817041476 -0.184758533091274 0.168763430179579 1.49214217088399
0.285867776154227 -0.226901643471135 0.233394836412317 1.43967301320127
0.195902165496041 -0.0458685812053152 0.165276714192887 1.44848065325282
0.154187810319369 -0.192430194024329 0.190697616536585 1.65528773100526
0.251237525919741 -0.204459238473728 0.174398720760618 1.53185743650834
0.0666766563008948 -0.165803897369375 0.155726640041352 1.49504936409225
0.234134912002911 -0.18770687612362 0.20513072634369 1.55835547007841
0.173478993009022 -0.161368688350268 0.180167471095049 1.54751290207535
0.167482518393482 -0.145553819466233 0.192919774746537 1.48345530149206
0.313386516334416 -0.373766229363855 0.192200020440329 1.47352364954811
0.0488684798953777 -0.175274249198886 0.194933070891343 1.59925542832105
0.24162997289121 -0.16242090603212 0.157865211881585 1.63720908734492
0.215678124551192 -0.190491020129871 0.210705278050983 1.51511136760834
0.304624564278452 -0.297910258730471 0.198813356504085 1.4200913546073
0.194798173592626 -0.176251130671672 0.210253640521234 1.52120153351482
0.202113922808902 -0.243892550235776 0.158277267181768 1.51163971084629
0.179392799868448 -0.241113981084453 0.202377494703611 1.42537524234108
0.218916915879145 -0.178507762409212 0.196189261767825 1.54084691038313
0.398202947815039 -0.458549272555801 0.188872948770168 1.57567695124327
0.389443844846479 -0.354194456533105 0.181712429212155 1.51176847055105
0.269129690680039 -0.276649548400292 0.186999449968787 1.51430085738749
0.20276560066254 -0.0675669804895099 0.223675720658663 1.443669617098
0.324515474115281 -0.0485098423927734 0.191565649005132 1.54727898553309
0.296071934415874 -0.158400011238644 0.224822316221589 1.51149026348035
0.159445140395026 -0.138110217155962 0.175039986149791 1.47553339105496
0.229621224791455 -0.236060239257215 0.213542654744444 1.36613667303077
0.339185239028149 -0.520388462397323 0.18287603557108 1.53076873563421
-0.0103779572640445 0.0372976415612264 0.181512121578793 1.47037161134497
0.058505443580136 -0.0859173167835655 0.224220231911608 1.56094710902759
0.301677614754189 -0.457151200365857 0.225378037833091 1.43280939727035
0.0498733863486755 -0.203402091898554 0.213090886629574 1.48407669712788
0.175017169908951 -0.204136695289739 0.193538062041248 1.35638934566223
0.123014207652732 -0.239459481279766 0.171182982486667 1.51487900059732
0.265037000321283 -0.380539091914558 0.153819199773787 1.52149059820423
0.291710322341906 -0.330144489671806 0.145294426716792 1.47284454085137
0.473636352779051 -0.57426989347796 0.166871768642247 1.64864211772056
0.255300418600578 -0.137878732374476 0.197679866224764 1.38524961153137
0.202375025046988 -0.309620142588221 0.248089874444724 1.61590791605983
0.312573261201714 -0.346776106749038 0.1613956882791 1.50954019456433
0.174734172321226 -0.0999713603920933 0.217449367987712 1.51286033282284
0.280666011667141 -0.253339381395427 0.178869223020796 1.49727680272424
0.276740239552854 -0.214493648826275 0.219828013480468 1.41919931348386
0.085580325619725 -0.0850233158528896 0.163478025675161 1.60370021032835
0.19625154024439 -0.144632869767192 0.217749584946233 1.50560686775518
0.123768040147855 -0.199593356068241 0.240875362320767 1.41739289471211
0.189889937475067 -0.232727231734998 0.17576336349737 1.64607995103281
0.161225597257804 -0.139148355180982 0.223039230816216 1.56008688458464
0.091522556917972 -0.13658345635539 0.141890307231316 1.47397032766511
0.205875197296882 -0.304791678846994 0.189716778260307 1.3355761727694
0.303091266324352 -0.480334653974499 0.169214530111978 1.53131510074238
0.168335165780687 -0.204331363232201 0.156880698267792 1.63078985019009
0.198566441930252 -0.202000474229332 0.19317791183146 1.47325819407211
0.18084075739983 -0.153792060404842 0.294624025147243 1.46930724438754
0.116339520621678 -0.386417528946051 0.190973184585813 1.51057684852586
0.0965003266719875 -0.143996422090634 0.242749323368954 1.49725016793798
0.306492080648819 -0.39464636360653 0.184198177216064 1.40866504569501
0.296906201023021 -0.240325936968894 0.201667703737781 1.5395403309257
0.122302924520134 -0.0925152368515739 0.216440264291541 1.55660846660589
0.268550298563964 -0.3114924329546 0.200767435464669 1.39162481926087
0.270988979410416 -0.313078610794874 0.203146725047233 1.47404086621292
0.078540118037718 -0.114190235082621 0.167310683634999 1.55067086468102
0.0768647511441096 0.0758310135166998 0.218149749818622 1.46296889718288
0.104665058216571 0.0266430675642292 0.241154742458987 1.5377738471714
0.311389331124897 -0.357204866370071 0.165751330533936 1.385549261271
0.309423552132268 -0.302770494245979 0.157028266196875 1.55427773492429
0.307108866801648 -0.19766771456313 0.193899074647287 1.54155908793348
0.200325582676251 -0.0677809460125596 0.194622705424672 1.63325288553986
0.241020893594414 -0.196363604404433 0.210084904952512 1.49202320663325
0.200725022702945 -0.349579313376252 0.207824302343763 1.51570857968329
0.117234822527331 -0.152738175239476 0.19290669993619 1.48104737749819
0.11919903295958 -0.232108370892153 0.211622056464332 1.44230448370742
0.199795467810068 -0.140740829381456 0.226945101111443 1.43264903852022
0.099232741192723 -0.107250515613256 0.180713294730641 1.49244303373188
0.118032019012124 -0.28243917846905 0.197956719814374 1.44434871196792
0.0649019276481487 0.061227326898665 0.251002401929604 1.4576480804386
0.211519879678961 -0.279840449970964 0.205833083541259 1.42650447282491
0.36391704480176 -0.222506046047028 0.182708158311625 1.54596095249211
0.00898386950915204 -0.072460714363898 0.191879127087223 1.54130088648298
0.104752623827684 -0.126257625659246 0.21775988810597 1.44301210670393
0.117606435901516 -0.313918074829342 0.14708407687045 1.67153717000056
0.0888130854943998 -0.145846377299067 0.189510080279189 1.45181498915142
0.332323741867001 -0.4276117607751 0.18367257353792 1.55550495542111
0.195040859395724 -0.192850267791598 0.17386400536754 1.43737352884527
0.209010383420242 -0.0203409263428203 0.240753644204106 1.44907296288862
0.129385765706146 -0.326875753845076 0.144475091019539 1.54752657533124
0.0998589424596959 -0.199705826603434 0.177453998401773 1.67196832387144
0.205921962846019 -0.196204107795048 0.22112278406258 1.4646710167185
0.144866462007031 -0.159487753008742 0.253918538050211 1.44797827214842
0.304573928226224 -0.388038646305687 0.18001479665204 1.68576209617727
0.0479437205905736 0.0320036655969385 0.173992387561117 1.51916181203143
0.162772855712271 -0.313624979767789 0.18313785279826 1.46760174725661
0.272044012922635 -0.116051851095232 0.208803939050278 1.48859569964787
0.104149562473557 -0.132545272615365 0.230910294217541 1.62483649428567
0.134526205256043 -0.228738918002868 0.215077285771556 1.53598357106404
0.222460787959323 -0.325016152301246 0.175074287724573 1.46767687301449
0.197931474033972 -0.175609427656503 0.175529749164312 1.51570578430623
0.350861012496798 -0.297528175582989 0.157208800148531 1.61727043217349
0.197066358819376 -0.155340460998443 0.193903451924349 1.4545522706417
0.290924043954346 -0.225420958594588 0.159503439144926 1.70037198748413
0.282419244512897 -0.314073104553122 0.19359705419891 1.50195809121364
0.107649877598559 -0.0676566277726681 0.196688125032387 1.48884932843529
0.0402936110571465 -0.142773817789273 0.228742204729784 1.62199458565662
0.0265744548251942 0.177809354535838 0.183340854174925 1.55115243707536
0.152784517443172 -0.36525724079356 0.182068140905178 1.51691793432677
0.202617025010815 -0.081477046856681 0.283399036596247 1.47765974060789
0.215586911824886 -0.242426614597708 0.196779659093966 1.48589554276806
0.224803967039837 -0.303319166019436 0.201089868604115 1.47187034631641
0.285538488726218 -0.377319160151476 0.194098063767499 1.60671419512128
0.0880651812859942 0.00905315897427692 0.181285542769244 1.61328525410028
0.182545668882617 -0.113986914798283 0.174319171430907 1.40710035697793
0.257696614791917 -0.140084908989109 0.180786669682988 1.46677854839156
0.208163791240106 -0.0809759374288162 0.194159810150898 1.61031116174009
0.108977308423449 -0.0721512076592691 0.250223744224138 1.50280881602037
0.112966877391557 0.0403055763092648 0.181463961628341 1.58196941024535
0.150902374517961 -0.322932927800668 0.163090340872681 1.49655543016427
0.174934575893955 0.0559508346273577 0.188365061119006 1.48493984176195
0.259731786869992 -0.197686426556334 0.202395675793782 1.45457894672397
0.268848428177857 -0.392189391554573 0.19763587618326 1.51386198685698
0.229518193125957 -0.264672067875498 0.175739170299121 1.38602330429168
0.101994700679395 -0.273755881692071 0.227374638980185 1.45640527051794
0.162739523172092 -0.174471212482958 0.236274522141129 1.49625038529049
0.150502571205585 -0.0666586129190136 0.191003786805994 1.55609436342036
0.104419088618146 -0.394923361697728 0.193461554183588 1.54174483250284
0.291415465616991 -0.110116790605766 0.183683507692016 1.46526549009699
0.32056190881854 -0.296962673833315 0.171529662450183 1.55537288289857
0.214688888232974 -0.245277595571002 0.182650792456247 1.485444991568
0.341058642810088 -0.328473355133546 0.17004567296383 1.62279344751061
0.249799128028275 -0.409352754534986 0.219139268500076 1.50157212808151
0.20815788297575 -0.0287196168784004 0.177546153300578 1.42109444373033
0.0737948249959939 -0.126958515546459 0.195364851286714 1.50622097684568
0.101061782825766 -0.107992045841477 0.20990544484138 1.51871118546896
0.157466524809254 -0.0300053185423773 0.235762365734842 1.46502298799299
0.102533556183673 -0.0302818869405717 0.224025020454313 1.6183767318874
0.193180318704227 -0.224955018332854 0.228625138872146 1.46324992507951
0.194335837672525 -0.148720688945263 0.204411192089126 1.56268580923991
0.119894678976279 -0.279855627516158 0.202626479151869 1.67081345696454
0.379257632132288 -0.259256055916509 0.232038239028219 1.54992755454728
0.267000865703328 -0.206133043181776 0.199017636667307 1.41970109008695
0.296170407711894 -0.179330388045088 0.217615986728172 1.60239534655248
0.179706018533318 -0.382879178680045 0.194398659428607 1.60867904010082
0.218296979365531 -0.0982191765063383 0.189343379481314 1.5846551739885
0.182318653119471 0.0299604106576747 0.211235174381466 1.52194186202382
0.263413106227909 -0.358257657460843 0.249700495103017 1.53399934713673
0.0133724473736589 -0.17877156293851 0.168321230382848 1.67444731744039
0.0625895735561937 -0.0998802305812122 0.196861386329438 1.68638539721649
0.148168971189961 -0.116439779770311 0.165202331631815 1.50571102617309
0.292820686255196 -0.380156615681584 0.205037627489359 1.54698888624492
0.239294745437565 -0.26264841437915 0.225823103287445 1.47809617386217
0.197185329799109 -0.151883261799182 0.184647100546405 1.5226792050828
0.291784607553918 -0.66078084051711 0.193910302858143 1.56780909605915
0.0704242427577846 -0.0182407243680456 0.183045076802149 1.6177672775336
0.192692059259451 -0.161837179413566 0.174621531408177 1.51711212069744
0.110060744949852 0.0174588747432439 0.214782473839975 1.47909032249864
0.276957706120033 -0.451389683488827 0.224536985586636 1.50460231449246
0.271194473282131 -0.309981617929948 0.171271783869406 1.53559046241652
0.108794837071263 0.00333601243635697 0.211463191305824 1.50318312205478
-0.0265250099489008 0.0612267961927899 0.213243538320947 1.44960445587107
0.219581142156846 -0.104664151235539 0.168415265172987 1.53895949519483
0.176169836776788 0.0112839512424223 0.178491976301511 1.48650252008937
0.295441193241765 -0.383351932069971 0.173149039166798 1.48931974719674
0.137088451065561 -0.180450362751461 0.206980225052171 1.49127158497164
0.144505399525947 -0.0695690325213967 0.22892702742881 1.43568073257815
0.283733868394769 -0.183288887775547 0.202079897493235 1.4911726515813
0.184099415392074 -0.244143613970647 0.214036508910498 1.65164018745072
0.173472255552067 -0.296603930881939 0.191199589011499 1.50956327372715
0.474041262882266 -0.638001818557635 0.199963779448984 1.46361358457155
0.0621033787005606 0.00482533419949775 0.167058487944884 1.68924597281509
0.214840351019851 -0.269014287460945 0.254541068851419 1.36101033373662
0.0427616771030264 -0.13167543394048 0.188848561874656 1.5511601195653
0.269339728252001 -0.165350470242965 0.198275730634629 1.55675703184899
0.213297355939246 -0.248141180572465 0.241884497820621 1.51918475254582
0.349879076542419 -0.293675849565573 0.209424331996782 1.4888064629165
0.172502745909685 -0.12077771366392 0.164369741629944 1.46701922702264
0.278599833315045 -0.283474332443875 0.196417068864902 1.53067382668646
0.165917633275328 -0.224337765919566 0.1842221917656 1.5963320018534
0.298313819894708 -0.363006140189882 0.184638624308876 1.55666275492084
0.190505577352091 -0.261898053908806 0.183383103753724 1.57389893715525
0.34281193589778 -0.428605735907608 0.205652242552459 1.38174430954963
0.149076996153534 -0.22886999158397 0.208696269743005 1.36920629809238
0.0971773721231022 -0.0945490904118626 0.203303542643433 1.62612077313816
0.0400106385070959 0.0227932551262082 0.29299575217657 1.39009999923032
0.190358773468804 -0.381076898863354 0.22312342717785 1.51525903332544
0.365130037119019 -0.201284496567126 0.209029303693635 1.35641076856701
0.171247483161035 -0.215572210627975 0.245379089032438 1.49743582155958
0.187713653805367 -0.0935298480231944 0.191524098971059 1.45878704967795
0.109530795132726 -0.151317841075693 0.197061726340698 1.61626333265725
0.302524123925078 -0.339148328342841 0.221367416413383 1.38537559451086
0.237478007551432 -0.40641715486248 0.19114454961811 1.48920077216929
-0.0207594839646591 0.141709817786528 0.142385693955235 1.51140075942803
0.211648823112611 -0.0901944897443988 0.196443120266986 1.48284967663573
0.38119025921702 -0.383999512463659 0.195732668743658 1.45204919902701
0.335541555617123 -0.367950244647223 0.171144851121713 1.49762879154799
0.0685632604533565 -0.015038938334253 0.181749274177839 1.56287347444587
0.27822408609224 -0.246021023060974 0.167641519802925 1.6241454294571
0.227091450103453 -0.208009837665053 0.188456211875256 1.54048438908587
0.0525785811260556 -0.0241846765379341 0.159275639579655 1.56939813660581
0.138505309856626 -0.10367950688878 0.223118889662065 1.47932192055903
0.160123627057623 -0.0430616641343233 0.214930948994703 1.54049555780844
0.297115320825317 -0.390403450782851 0.210003145845284 1.50260578044636
0.22841810560113 -0.128327179958019 0.178496758370033 1.49915160310861
-0.10011046062946 0.112059734993354 0.263196541980962 1.39831075366087
0.260466270368379 -0.11375165685878 0.170745363907092 1.48011173291521
0.174360143525881 -0.2697966963764 0.200915654959451 1.53711104491342
0.221086259951485 -0.302277123688289 0.179255356461712 1.66631238497942
0.159096666641724 -0.164691429490337 0.174571539865862 1.5489144831797
0.215746512555145 -0.167887503984448 0.184605534833184 1.58932455648345
0.226103730536374 -0.438415478485824 0.195215878792635 1.46147365225123
0.118785070420311 0.0491737484038423 0.194026662066212 1.4223477198946
0.11335037522481 0.00295337333133711 0.198256337244449 1.62595892958772
0.243498190037711 -0.292909949589447 0.145181905303835 1.61182180056301
0.271290240065639 -0.332445976614069 0.209806983784245 1.54462547152455
0.259670696906837 -0.0724829399715231 0.18752589838875 1.49896048219416
0.19743378681206 -0.113042837341147 0.200047513162857 1.57552908932698
0.167423231287043 0.0215041646548294 0.189167884543673 1.48960786774307
0.353284191438007 -0.356138537867194 0.194235915014447 1.53717806348885
0.0957275019661269 -0.113405823983386 0.20423688844382 1.52707441668064
0.273350139282712 -0.039264573025216 0.170008429252409 1.54411081014671
0.214785776475895 -0.164169924442082 0.169258140469673 1.57362756613193
0.312760854879307 -0.479412336603423 0.192280128828176 1.53617760472605
0.350422989395132 -0.459731363384709 0.20940081308763 1.4173034701256
0.14698251141836 -0.279642710112904 0.216849116316996 1.52527963256819
0.33021543987542 -0.318589153013023 0.186301307486703 1.59071690795311
0.357036554146228 -0.457684037472417 0.192493718064678 1.63869086378798
0.272270472171063 -0.126076532971996 0.170916105175768 1.75033307502016
0.196790470120763 -0.261988502844082 0.210945588938982 1.56232615406223
0.102720786417866 -0.14320038972335 0.165429662935544 1.51118391218538
0.231463826266943 -0.306632684922392 0.186059784851566 1.53527333756108
0.114282076314914 -0.196575486121256 0.23560240329147 1.47096819387173
0.504258069199915 -0.627763652283661 0.188403757510352 1.63838472262612
0.248872213781457 -0.238722618214873 0.166815358871229 1.55855084975412
0.000824587879661562 0.22174157375038 0.203332943298032 1.59426100811213
0.138709286549324 -0.0724297057854946 0.191422071569698 1.65607928589879
0.102049634775701 0.0380048492178315 0.238392249174 1.59572768106698
0.235821343539646 -0.265511915663101 0.198544222396394 1.51851536739136
0.147529491705544 -0.0799186986903882 0.23662126491275 1.4034283855432
0.163351591935766 -0.0322676797520658 0.213673798679122 1.41918113955849
0.118253126150775 0.108663803387866 0.197661296232291 1.57061565512754
0.103051225729596 -0.0930302672509959 0.209901196452539 1.29583986246523
0.149291662831691 -0.235144431103673 0.225351170603987 1.45886249157337
0.361647162403326 -0.259479063845675 0.187609901019056 1.56638523400882
0.274259020527262 -0.39328660517451 0.196993515398817 1.5322935470975
0.225465786073721 -0.213002578295194 0.236247689201779 1.58553864666982
0.284675191364979 -0.252045657529831 0.203889469196598 1.47557249436023
0.0727552802249817 -0.180251781002874 0.178884839441144 1.44732353179578
0.194455095704734 -0.135514874653315 0.162151413311318 1.76145493512626
0.188930741942283 -0.321785019055355 0.238238998437555 1.39518665560141
0.18137239948081 -0.0871067520973915 0.209605416175359 1.53899128958165
0.0986300817946243 -0.14047027713522 0.214383879059097 1.44288830993258
0.0283601135643192 -0.0102340741675502 0.17373753753092 1.53918923490014
0.15436851739464 -0.0932275011122208 0.151628682760619 1.57989908128897
0.111940869626793 -0.144859821696272 0.173008217293238 1.54289939667488
0.261049214268872 -0.283021104375948 0.188058012373667 1.52405576937007
0.117604540639673 0.0271651955871081 0.166965350283955 1.49832711320493
0.250337447853209 -0.27328497895109 0.169935259995387 1.56259012051085
0.305852193981436 -0.412627817484522 0.180018903951087 1.51548405562305
0.12186516403397 -0.180328714284703 0.179447720251073 1.61080835934079
0.230444630009745 -0.167917725580312 0.205945037948197 1.61568038375908
0.429771719520831 -0.398475358321037 0.235169075788014 1.44772310638229
0.408275501997713 -0.386644747876106 0.18856278461214 1.52611293265821
0.202041259882364 -0.282088965769774 0.212491754292419 1.47027080914054
0.312593687987267 -0.286686401071258 0.2068643727314 1.29932143840769
0.132283218390106 -0.0689458045555627 0.212759257518035 1.65650288975498
0.225101981896157 -0.198577637811441 0.158896465013777 1.61592254469926
0.186179245459233 -0.143641643410221 0.197851946318496 1.50056481158901
0.121117090217445 -0.37859738537666 0.233447542228607 1.42790205408215
0.202879974989503 -0.308903048416977 0.174251607921253 1.5555844668955
0.259180303258744 -0.168191610660457 0.188837629327449 1.43934958120347
0.190366125154182 0.0264892747195747 0.203084263520534 1.60327614783611
0.0201262194383242 -0.0471835883366199 0.235292588602269 1.5825486366356
0.19686730755983 -0.335529579558917 0.194102189396736 1.53529615367997
0.296007441705503 -0.181417092272928 0.233581862676368 1.31842090733549
0.181056025630534 -0.222782250842061 0.151205929281505 1.2387984882816
0.237513074410118 -0.17786094801629 0.191475546164557 1.39433583741525
0.254456448440052 -0.0237993508001533 0.201175591881918 1.55883396854178
0.247204983870528 -0.159457849589239 0.250778534023627 1.35997417429724
0.217518942616193 -0.31505202481662 0.215768597044005 1.27771290141461
0.0426624518310825 -0.0779604871651928 0.262089522267859 1.49439295504908
0.12832286555113 -0.043785392948903 0.191519453331605 1.45497943733996
0.169476836070278 -0.196285009714597 0.229874939196447 1.50541120255813
0.265864917537673 0.0218322991093365 0.198649757190729 1.51763768536419
-0.016907943985821 0.0488492921741203 0.179955065301475 1.53025045228853
0.13259269330682 -0.299468612672782 0.171987272237147 1.55138150890877
0.168224814122993 -0.169389429776109 0.220581291585369 1.45551440938671
0.264031600203313 -0.397478532001714 0.178332116652586 1.46290513737371
0.259221397423886 -0.13439527472626 0.205779299665061 1.44231366013347
0.167409340597346 -0.0702373340686438 0.222394058411902 1.57538258747716
0.206415858195943 -0.0501079584745608 0.226421837436972 1.42367224168402
0.0671575060957924 0.0532444839400856 0.152956731830096 1.53607871090381
0.194949032047699 -0.13653213793039 0.182108116317672 1.46517216246162
0.0956451499140042 -0.138001863530474 0.219461984214459 1.4395787696834
0.122435687693929 -0.0370383784132925 0.170887681282128 1.56551767965774
0.00740782752744957 -0.0607534502984643 0.189126605699852 1.56653949619019
0.156600302113244 -0.355742306190082 0.248431399262728 1.49733598262996
0.10709999445101 -0.328527609485046 0.164565288943316 1.54188231989305
-0.0826793613334892 0.11505165273878 0.194282165526439 1.46620518104283
0.156756152101972 -0.131977279037627 0.148117259761355 1.539116955229
0.291850610614059 -0.5457458676614 0.191979702476446 1.40010828555542
0.0993022020321795 -0.207970900544029 0.282018408958697 1.36375211089956
-0.0323000538300475 0.144752262100576 0.193495761579363 1.47914742683004
0.377004609941134 -0.469046724302611 0.142227371924887 1.45562068320648
0.230894783091069 -0.263371129510076 0.202670299847843 1.52707840862592
0.19376095994399 -0.0991394789603911 0.232706743529394 1.49190834072296
0.283665721514996 -0.154398823972739 0.232997373968212 1.44097973716899
0.228694505421902 -0.135947824951746 0.165885637896106 1.54548042269629
0.0857921531764014 0.0153282599476746 0.191389684186848 1.56802835975717
0.18766604691541 -0.11319599487921 0.146363576051516 1.60478004481602
0.190861365869402 -0.0778606519697963 0.192218927304669 1.54275881855295
0.184473241134736 -0.327771096268529 0.225287484955038 1.42669455548755
0.22576285438723 -0.279331166429277 0.203753636501062 1.43170650150385
0.317986916515947 -0.464012057591223 0.17713299909474 1.44990715594161
0.165852556817902 -0.140880948547089 0.240477778002081 1.52591832219017
0.200392414330968 -0.274542792823739 0.224360259093389 1.44632035513633
0.244050809306043 -0.447248633422116 0.226430694623749 1.69709570086483
0.26147946700257 -0.514399481993934 0.166068861568337 1.50195179876529
0.48253860710104 -0.562473699071384 0.157457388917326 1.48701163509295
0.268990410902197 -0.358718605901528 0.194863351123312 1.46838634819316
0.320487002080313 -0.372303705322234 0.205620473544483 1.48757000209937
0.101688448864539 0.0750326980717265 0.226008471781467 1.76424617301597
0.0350383799030299 -0.0573518501051954 0.208483368577096 1.61553236108136
0.104724810145948 -0.189124572223046 0.174679518462323 1.49289475221299
0.163519883853687 -0.123424622078366 0.163819693278857 1.5219851327317
0.226033569587662 -0.326307738708568 0.176907821796812 1.55321032765612
0.253394299410639 -0.310882008391111 0.207808669767167 1.63809948681757
0.323021150849434 -0.315435097735167 0.221668485602501 1.49735530144054
0.0696601346233463 -0.0676189573822775 0.227035222108896 1.51389085959586
0.0393679935742059 -0.120853311720627 0.223502744623133 1.59077477137129
0.134284292064781 -0.175777883035725 0.204732850493604 1.55198677715535
-0.0141515813870029 0.159677072425069 0.19393141209176 1.58168930016852
0.509939310388945 -0.519071011988859 0.188177668922441 1.49177064606125
0.167723918558941 -0.235415050368936 0.189102174521806 1.40841681343283
0.187114349635445 -0.244183647881096 0.19513951282097 1.45131040528933
0.286813778596135 -0.349361238818465 0.171594514420295 1.47727900585588
0.195555801530857 -0.218529639996813 0.234737482915335 1.40735108971137
0.391514210072046 -0.393025606345748 0.186929129504117 1.60767331327097
0.14003455175222 0.0728073631905433 0.178825139647649 1.59450771868868
-0.0214714336530791 0.109966316519175 0.149294914543526 1.56784755957831
0.057108673392118 0.0154120651278125 0.249754002859641 1.46231892443525
0.260414690616858 -0.310988181707176 0.159355323101461 1.56982278459844
0.214089726643912 -0.237464547207022 0.163405362388402 1.56273197626699
0.0622158745253501 -0.119241913446032 0.198931702057057 1.45700863608092
0.270739705357505 -0.330303868030606 0.19022078484155 1.54828565493946
0.265975897076024 -0.397391355134335 0.178594139276417 1.54917346980368
0.3362224729001 -0.460275465097357 0.150207936729248 1.54990108936302
0.0346979653201261 -0.054285271030454 0.228436264274089 1.48066382069136
0.201795916290262 -0.133552878207804 0.217944834780742 1.42832653643656
0.367370713769942 -0.382541350440343 0.192011541236476 1.48939291536841
0.319595737984568 -0.187587437044027 0.223542929616706 1.62387833317951
0.13612774151129 -0.156363738842741 0.24552126368733 1.49859610774197
0.163272958723966 -0.330089309895277 0.234521412515424 1.33831598833395
0.154392821012687 -0.0527679137261884 0.223593418240312 1.45919997452402
0.213669092554713 -0.188062578849532 0.237310486510135 1.42591953571917
0.417202913976228 -0.305762530751484 0.185288425808644 1.67112804305017
0.30123898085601 -0.304699994570356 0.163240255960395 1.64211841841608
0.259494076129792 -0.20975442646524 0.196672067376072 1.33840807994626
0.17728023120683 -0.0674817554919142 0.169934667900433 1.59242998636677
0.312076441180475 -0.242103590377374 0.217823165065422 1.47981064900256
0.249934422354946 -0.0277251523589557 0.192530472956132 1.63412979091682
0.228593183019662 -0.555325259128364 0.17252364549779 1.71112700800251
0.337437124606721 -0.30571226091611 0.205004018841345 1.5479864186367
0.413941477360287 -0.36631230472567 0.209264108937818 1.50001983019018
0.295546149046531 -0.261011640267313 0.210196003615116 1.43196343968207
0.105027532296817 -0.161861367236475 0.208496690321921 1.49589666741756
0.315614457116453 -0.198964563024144 0.218137542053507 1.63838928654054
0.399497655481604 -0.344075846853585 0.201910724120171 1.50797769204852
0.0676478637549123 -0.0783703070073223 0.208067240339565 1.53967199671084
0.167879522203796 -0.3295951536306 0.243600778873894 1.51523514590667
0.210761864515716 -0.152585123066418 0.19753483855279 1.48949585753285
0.290823603500945 -0.367393377107697 0.1554574556882 1.5404268717416
0.332294393371563 -0.405807178716978 0.181547492325882 1.48733407701286
0.266198593364329 -0.280274381731358 0.204990513363883 1.59894204022281
0.114934226167599 -0.139581736723353 0.255944976746653 1.37700870306773
0.159986421534039 -0.137847237170113 0.190389038815681 1.49006002545442
0.14340095132354 0.0126826890075411 0.190404166664061 1.49647443339728
0.212696872012808 -0.0858829544943844 0.241232533138934 1.38848989793169
0.531232536146489 -0.555964743523402 0.130379780762251 1.62952961656632
0.31395706302237 -0.285444974139848 0.208852254348104 1.47284735069315
0.278522950569498 -0.117761443963078 0.205608222048871 1.59758146045417
0.0247571908170688 0.00475573187701623 0.232844513284841 1.56882765865613
0.230291278329886 -0.330934018197361 0.189226238585064 1.61760911960655
0.118317633157357 -0.151723479517157 0.197600087420956 1.54186702836955
0.0636443069531302 -0.103674775673879 0.142760780027208 1.50747633523681
0.255621430853213 -0.0692455765467259 0.184297752266132 1.63195141872371
0.252683057781297 -0.324659601107373 0.199503878180289 1.53882010974757
0.124612695031319 -0.225329631311377 0.173616274064375 1.49063645824955
0.109481729713647 0.112890338744539 0.200583551031918 1.57509015510638
0.153891149552293 -0.059353123179695 0.179606272171443 1.3684048155435
0.156295551673932 -0.056401950577186 0.19612197716915 1.62445686803023
0.34447735646499 -0.431981623215378 0.210289290816128 1.4452201164526
0.267707117818078 -0.250493256244211 0.200174010820259 1.70224420786676
0.187981008992506 -0.272760159837376 0.178919182117175 1.56566165916741
0.124881418621266 -0.044421836431487 0.194939258942485 1.42438321256691
0.311526725867479 -0.146133574227114 0.194464916551833 1.56859817300304
0.0506546120253945 0.160551616291857 0.247370459485201 1.46147306039431
0.150400409220153 -0.0734756870544877 0.212456415231354 1.49896841691814
0.348460818864173 -0.261174461826608 0.172554963949765 1.63847851471268
0.0740302898965186 -0.0532562073309268 0.163888540851437 1.52575559586286
0.140432668842929 -0.163306554851282 0.232862909477549 1.48550868607879
0.0356211335923682 -0.108595268391281 0.147643143932898 1.51242618856394
0.226000824225892 -0.138055381538104 0.214165047324802 1.4917699700865
0.302133644560663 -0.229335962020986 0.191876655821582 1.44463117579086
0.228121443003682 0.0566463790559662 0.19071332837597 1.5327714820932
0.179793819610363 -0.298561563625827 0.196390500509128 1.42720705862644
0.279104066969373 -0.259305906687727 0.235158445892423 1.41709926978083
0.185175837346841 -0.234957459883103 0.233975964632136 1.40090084862953
0.117326934896589 -0.171072788090301 0.190277888109193 1.57049545476204
0.400315944353692 -0.410053316610431 0.202520179329939 1.45444964487197
0.217322624498913 -0.144736674426043 0.177753554529009 1.43453028877174
0.231818333801871 -0.382775145613845 0.199922428260719 1.43177520371583
0.273205220449069 -0.148124291048693 0.176906399375797 1.60149667849291
0.181454684287785 -0.321312375616694 0.202424748118861 1.51284705716112
0.272243335047688 -0.114830046732838 0.223865297894116 1.53287174622083
0.0760521278403493 -0.0435650182056917 0.21643970758302 1.43495846668063
0.111345137663782 0.0721947241009276 0.253269658459718 1.62150178619909
0.13001729986443 -0.100057251004868 0.250585738552881 1.49752310264882
0.332862947779295 -0.245237678947401 0.169310206459513 1.62109829283076
0.166238020598548 -0.166598271055448 0.186144828752209 1.57012151374481
0.320094895984747 -0.172195388579669 0.219471479733208 1.62936077891222
0.116159779304543 -0.269526328970018 0.192697868308141 1.62394044847991
0.33746467751772 -0.359668290962387 0.170760746453494 1.41244996412732
0.141156563545203 -0.200718406670519 0.182414332574297 1.59102515670152
0.111330307754345 0.0601751451971358 0.226880221170993 1.48262314839325
0.0743134222581793 -0.0226769671193972 0.210090636227054 1.58028390048602
0.0399131078568572 0.109446364858627 0.234940384717057 1.47557374225537
0.176386293512803 -0.298259857209082 0.217163106357451 1.44092114013003
0.129254849464488 -0.132006923576563 0.247118738101421 1.43383684700514
0.139676747158197 -0.25608792345073 0.192108895564869 1.57485527249992
0.155283586995461 -0.1628272815075 0.180158281270189 1.73529621803199
0.112650270773586 -0.0244796978923322 0.203521256072104 1.54819164359153
0.316073687936331 -0.363276259390106 0.224601794061275 1.59938717144144
0.147876949838585 -0.0320242211033318 0.188333970686386 1.48112024988482
0.378623617944271 -0.370279383333041 0.18052229154212 1.46840216174588
0.273497491053082 -0.191464254580824 0.153897606552259 1.68578947369019
0.205466889662334 -0.263113864817119 0.196728015158015 1.59623957179368
0.26343511260589 -0.183649674126054 0.200294626195355 1.48825859221144
0.0909961894328594 -0.158078831319459 0.197969138302966 1.48083757096822
0.20383746190636 -0.183615773524255 0.207545906012875 1.49642011166589
0.324884442295092 -0.330677922685708 0.155624117375688 1.42076675620163
0.0697134126033067 -0.200746179229575 0.208345462426054 1.62077177116774
0.0415529714604783 0.00198737165695236 0.172366064870363 1.55848465442756
