0.328625643913445 -0.446197236821341 0.217489135966197 1.47838879792326
0.164280812894357 -0.226293206097114 0.173728969440748 1.47463712057494
0.157903454055272 -0.115594759168638 0.203978537812498 1.37252347487768
0.373060714518707 -0.462675779500561 0.200923627757863 1.43564143388479
0.326039387775125 -0.222421407784402 0.175637633502048 1.45340980262495
0.200524478009518 -0.334935504009001 0.166917161747636 1.54912329701373
0.263171196268679 -0.407145639926008 0.174147280468143 1.54515326920988
0.194564237956196 -0.292484004651869 0.191403910156474 1.48974773764232
0.304878378775828 -0.302713218666458 0.166262462308608 1.50899246735381
0.379463171551129 -0.444139805466295 0.171210846270602 1.45038598812885
0.146747174882712 -0.172487813556392 0.170060778826072 1.48575244063391
0.276207722592981 -0.532177735568137 0.167101153565633 1.43955576845819
-0.145551065196202 -0.0133623523161042 0.164201224645292 1.47577674307496
0.221428476265249 -0.0794756653023937 0.206545047636395 1.427032205533
0.191596032808326 -0.0621175906586704 0.204828832766831 1.44196027705591
0.318512020373766 -0.359055137684884 0.210352450612641 1.4418649303905
0.191894424595162 -0.516983097179011 0.162292462824151 1.44898360847967
0.150456407212386 -0.143456013125016 0.192605743350679 1.44446885551494
0.131830883116604 0.0380992848304809 0.159163750430595 1.43691900514479
0.19323566576961 -0.338820804917144 0.18666346772494 1.47687711416516
0.150994117198783 -0.127588737262525 0.209850973226976 1.37220303966745
0.142676481441214 -0.352504616373755 0.20891077041373 1.47346434938223
0.0833909346272999 -0.233559362634349 0.177224624150923 1.49221021148115
0.0272956237756534 0.00625299465292664 0.169221697665682 1.62126254018554
0.30114199186799 -0.280686800526307 0.190243098218194 1.50345156868624
0.211448801156272 -0.392519148509019 0.211994538171349 1.52816427547689
0.145236167180884 -0.187919186231635 0.170836553644774 1.48255623908951
0.428697472813788 -0.421585503208557 0.185981211297528 1.63630776001313
0.0914983429770005 -0.152224234330335 0.168779035299613 1.52171831646194
0.199427664823481 -0.119644831235835 0.180799983555486 1.52999711677025
0.224116081768362 -0.0218171165359414 0.181663411038705 1.46832227784377
0.233525701612632 -0.122678477297138 0.181421242446042 1.47045122409218
0.150153750134476 -0.0603347778738743 0.16124186508895 1.45526339025996
0.37553795554412 -0.462360972452352 0.168127916229708 1.54739628505163
0.180940768136243 -0.17036136010557 0.183702585744738 1.47716007227303
0.00336307363685784 -0.234177907570756 0.2178882624835 1.46233888849427
0.348416437695134 -0.301666045096208 0.160007870028066 1.67512980764837
0.24357403889138 -0.240374246533168 0.177233685117815 1.53674292434079
0.219219875758759 -0.32282123371865 0.149847214887611 1.56476082838911
0.284100404318975 -0.338581304943096 0.188711693091291 1.50748886775992
0.171680917210268 -0.19754021648584 0.149058560001367 1.50611094786919
0.38094409914897 -0.170542939243315 0.155590495114061 1.56821210571325
0.151453980902781 -0.0829943108024539 0.193402589705668 1.41806615357079
0.313160094655897 -0.474287191663435 0.171269995332899 1.57670382227751
-0.0621302332868283 0.120823196614468 0.200912041238107 1.49215726399355
0.242668362732762 -0.582622467642805 0.175461890276056 1.4716157594429
-0.0325832622280435 -0.0422364125829832 0.172407180047551 1.41154143072341
0.313873169802869 -0.425034855340704 0.131844722594244 1.44317726239281
0.221621464336929 -0.136111121068388 0.183119702628164 1.35538861057123
0.401067405681097 -0.461749626839042 0.186692448001063 1.50269489745688
0.298126326267676 -0.226791437417064 0.158721231915382 1.4874802910838
0.080785753250645 -0.146903620124091 0.159667181905358 1.50970328655713
0.0631304932245315 -0.102576761859199 0.215331404519033 1.48196940144317
0.214431648652018 -0.219726630450498 0.156041932287533 1.67812985946285
0.266927010906892 -0.371525894161739 0.175888523254988 1.38018270472612
0.243797905718238 -0.324715311849838 0.169112651019232 1.57436690228778
0.176308764938757 -0.119344955343009 0.220684891304694 1.5670322061413
0.0879320164349337 -0.0839086200592808 0.191869447746283 1.47311869593211
0.283635997621316 -0.321146121072775 0.15518643627136 1.52994882431049
0.328611939994909 -0.242786768140371 0.19357950776036 1.40759996834745
0.141711176136955 -0.20343881591726 0.196720062776272 1.564790600375
0.115001689545178 -0.0721195182551318 0.256701212396192 1.40274203378963
0.273089244786833 -0.267730580248029 0.160980712582815 1.50601762269003
0.158230243120171 -0.087844684185772 0.195783918871719 1.55885867613537
0.352482211459253 -0.604426038093677 0.173584551686044 1.57608637548413
0.144610154067408 -0.304626467287842 0.19724053543384 1.47501160966689
0.127610017801905 -0.113967435132829 0.175480352602695 1.48695654407701
0.056602865940508 0.015296772181177 0.225169215395112 1.4686895947642
0.284183463919099 -0.221596189728938 0.142677044373499 1.45440172438842
0.145986217552889 -0.177184325475478 0.198000339732034 1.47223958921356
-0.0986227313295579 0.0166983915364786 0.214139690641938 1.37859308548309
0.0821351847491337 -0.0192132630297508 0.157348722070358 1.34895771709303
0.264386682966813 -0.342843096872997 0.148951386329067 1.6716617901749
0.149508088331642 -0.118057303466809 0.165190636468158 1.4355855335168
0.098175429766184 -0.182328500869143 0.233743839474038 1.46770382179213
0.0975517714546375 -0.244079294518434 0.167137844866864 1.466395396512
0.0834592701128908 -0.16001659088718 0.183851964556164 1.68667866503256
0.254812012673975 -0.379025050481887 0.128771705458601 1.51669322022748
0.427420338340548 -0.513826346241177 0.118878116482589 1.61293325768089
0.213625656421462 -0.210181772793528 0.148193281895513 1.70163104852913
0.0293655187488005 -0.0428661366334834 0.202044517653856 1.46128531984384
0.0942400341581003 0.123936420508237 0.168303754515663 1.57694200466411
0.100240910910783 0.083376604142816 0.214596113429192 1.50050137410103
0.270461626801263 -0.382001243357961 0.189714186447277 1.37146384519763
0.0903955499453548 -0.0112060519361971 0.193670958497868 1.41316310850008
0.154770527133475 -0.088360750019799 0.163347844587647 1.39070151842568
0.0832984032006324 0.116607079622055 0.19242746497133 1.62301731398593
0.183776544788632 -0.274576503680236 0.129261587069286 1.60009699142549
0.2786609896238 -0.308942187141754 0.187424704111157 1.42468989672361
0.233601316244264 -0.188395076903849 0.168829158080565 1.38414584400646
0.0985536025361626 -0.0881197485523575 0.209604410590855 1.43489293622408
0.108272167796934 -0.365465327922576 0.172816814595852 1.5270569855036
0.338239548818406 -0.26039244871962 0.172295264870942 1.53387925241367
0.281423488361525 -0.273432197385964 0.187830668291077 1.48824955347419
0.146436209211428 0.0215899878871701 0.158195210334039 1.37823918471879
0.139759666976247 -0.215646640046802 0.197444260681181 1.48834852111037
0.00605293840376696 -0.00138492732986267 0.208461271529175 1.46303271291964
0.226935130519182 -0.239932141764794 0.216539414599572 1.55612285422229
0.340733718103534 -0.201653244069838 0.204702709715173 1.525683899543
0.215692820656885 -0.104680082311598 0.208155322120835 1.55091530312279
0.230224758688382 -0.160930823394132 0.20646153761721 1.47986078683313
0.166280769449929 -0.188167633271993 0.184625734699237 1.55175738975808
-0.0396310123269138 -0.00170118737956725 0.208516252073182 1.45108302072587
0.315236793503136 -0.476254864454317 0.179966557366107 1.51983826483479
0.234530049665934 -0.215013193050352 0.200864871007838 1.50992235290183
0.0935421329045956 -0.0554710973917454 0.154813382588122 1.64984927122728
0.141773861294925 -0.00152315116192184 0.2041591295295 1.48108694671383
0.263818684895976 -0.225702322910628 0.185556070689246 1.53742421690615
-0.0744024874715504 0.123753451282321 0.187063724356957 1.38380585100114
0.184271947800947 0.0450117403913999 0.143216474737782 1.56288782925652
0.0608334290398096 -0.0453651691962297 0.202503925813945 1.4510187828748
0.303533495897576 -0.208244099583558 0.137560727147577 1.5867213526903
0.177315050430085 -0.213736802851918 0.182937178974581 1.46361204707607
0.0839049535735481 0.0366660441373126 0.173985471458916 1.66019835858344
0.0948142015507582 -0.204454774265351 0.186047549790616 1.43762897014028
0.191712906284463 -0.221896119405769 0.216963576959818 1.46634784827577
0.306734389070538 -0.290756044395776 0.174162847237209 1.51085706248569
0.24668815862591 -0.289919061455066 0.182612991407797 1.50035127708587
0.278932844274926 -0.308566033888826 0.175488338552146 1.69749510735708
0.30615021059665 -0.399073856638708 0.205079539556403 1.4101288236159
0.0969728331825256 0.0148176424758781 0.239302877619852 1.51590707444963
0.307247251324718 -0.204579963720774 0.16411382698364 1.30900341543104
0.227672745849337 -0.189193850425993 0.15626947005515 1.42580055238531
0.310531085560468 -0.361617908586516 0.166493674389752 1.52205835161335
0.0267988606062412 -0.018385944132307 0.148320794352042 1.43415522948099
0.433535457349004 -0.414009530397595 0.161743650925309 1.48405445297719
0.0845735084470263 -0.0835031831613807 0.155877781860656 1.51832050399496
0.13899525491796 -0.246889397428064 0.145478450622965 1.46426174441391
0.066196525639568 -0.0402149502310907 0.208268540534227 1.51746248599082
0.230007740302243 -0.256683604698291 0.230930143654126 1.56359294769415
-0.0705606167891457 0.0936189546608196 0.227684323463921 1.52214467728626
0.0667461177560827 -0.0962845890662873 0.166242975306034 1.49242715953789
0.0920855082504724 -0.106549703912572 0.164345375649299 1.51525167923722
0.0956860854532364 -0.0892540889626676 0.211299756274413 1.39515555766905
0.101758638480949 -0.105646748685241 0.178236678689083 1.57599376971132
0.236881470048834 -0.384790703523441 0.233339604835152 1.39909148864475
0.248020656434917 -0.136366685252281 0.170299581973855 1.74287688292803
0.421321542566346 -0.436166856048462 0.178899928904448 1.54564039566752
0.239409043301608 0.065270954225164 0.175203696385694 1.46703014947755
0.247023863991719 -0.339408559237106 0.160835897901142 1.57412379812479
0.0553521019909834 -0.237327745082622 0.238515669684018 1.4884074860544
0.276264482242446 -0.364185504670123 0.179769480126666 1.48141344608493
0.142802730338632 -0.13563371753306 0.182043177536116 1.46056015624299
0.22054327762413 -0.31733656222035 0.188408279908289 1.45518168986238
0.52001472930011 -0.703829756907924 0.186716681695057 1.6009193090711
0.113812020971784 -0.0193558857435868 0.16093378163678 1.57907006244182
0.0825603940604472 -0.0676884550800934 0.218717281713157 1.57794677974838
0.0843544968466353 -0.0145932301154069 0.199872509738015 1.38545716329145
0.120130788153884 0.00618837808354189 0.140588615033525 1.63190280423824
0.0888464043206177 -0.278003303860919 0.198274441457746 1.51354883946527
0.194332784102646 -0.351671784259868 0.203729396900278 1.45716683404006
0.33986945544894 -0.207307842909936 0.223332921736545 1.47479107627577
0.121253651040601 -0.0911067556024084 0.167676505492923 1.67860459732079
0.0823659639439873 0.00251202135168822 0.211693429203308 1.38003239226131
0.130794310221868 -0.101709533417214 0.177798332457692 1.62662844208123
0.0935981581244848 -0.191029367167544 0.17357468346471 1.37864738538082
0.266389797224897 -0.202450135972421 0.148302341047456 1.5495686752566
0.265387831983192 -0.283689763935801 0.19337261083941 1.46647887264891
0.229392954171703 -0.174378496891117 0.132844189272182 1.74670858411239
0.325520594784011 -0.278682441668803 0.209973223388976 1.40583944287009
0.471989099399167 -0.421853724958096 0.206454653621186 1.54151183096353
0.324312137891864 -0.362667039947045 0.166799667654933 1.70478900142144
0.167485809826826 -0.312455118531027 0.212634447512298 1.40237741198865
0.280260905379458 -0.148677233566906 0.152694768118953 1.48250780059985
-0.028329897639288 -0.0233279459086043 0.217360801727791 1.50715728334076
0.349444342015882 -0.280254416276648 0.247691144494662 1.34705575597617
0.275588149588211 -0.172012268706249 0.185052643955756 1.5432192985796
0.251411174586198 -0.219559116256523 0.236117460460759 1.37350933838504
-0.0263364873509723 0.0146299522322863 0.222188370034605 1.42268093640757
0.139790213005226 -0.126201907743818 0.20111044995942 1.55057117433099
0.126199638129074 -0.135803221590325 0.153742591573628 1.65963202230682
0.246083256117917 -0.33783658942632 0.174176723878169 1.48637526728689
0.238811082224884 -0.22097711302967 0.200379071308636 1.46145494687204
0.120620784437547 -0.00293702282092676 0.203496967382312 1.32118444249354
0.250747020541344 -0.260011548551837 0.186004333626792 1.45219981645656
0.080904040447905 -0.0442283476013088 0.170759311890348 1.44316260756288
0.140472794602471 -0.362884929433149 0.179020103160375 1.42650667737726
-0.060790328647476 0.146434859221797 0.174459354758473 1.42934905463373
0.249236604063894 -0.409827312415476 0.159403189492077 1.5144465701407
0.0378640594095896 0.115119726136192 0.197596336407145 1.52299047988706
0.252956603228425 -0.381084630313757 0.16563519569664 1.47882063528896
0.36115328938409 -0.205191113506365 0.179770775669347 1.54174274799533
0.0357510409054767 0.0276632423895966 0.166038235735681 1.50717963004511
0.10506352664081 0.0267699403584558 0.214543831919527 1.48413205834313
0.228950599313715 -0.283896590493432 0.201385676608764 1.49488740871078
0.17038215046822 -0.169637420342621 0.179044081822605 1.48290904760797
0.16041792836083 -0.336154863128919 0.225599186599369 1.46627811004787
0.454708598522881 -0.560186513468213 0.145308372636177 1.5346831621983
0.359310685091974 -0.381237061553412 0.151086357113618 1.7131527491133
-0.0269105097371314 0.0245431071627576 0.160339593514627 1.62414969505222
0.131427428570718 -0.179172801887524 0.176082544663353 1.54257774221517
0.254739876714079 -0.290102784700231 0.167634273915227 1.61347472472359
0.0759764483959769 -0.0435755760155733 0.232425733573479 1.37380059235713
0.108472269963654 -0.214984289543205 0.147275040621326 1.61248355348117
0.545158388921172 -0.495499645275472 0.202332224403536 1.56015994675681
0.175032230427924 -0.23372426064161 0.213692881365807 1.44581453055191
0.230577016840523 -0.225333995298835 0.205687921198909 1.41694772902782
0.113467075786608 0.0227194821656432 0.174973111818245 1.47936588589051
0.091872625661989 -0.0936700014471211 0.216400605934552 1.47977649196962
0.252358520171982 -0.309910373610929 0.180833833829249 1.59191228181645
0.14369126124022 -0.249121509535247 0.18329265796538 1.49036276240791
0.427008555482774 -0.430245097994042 0.141324615651993 1.68835663055173
0.175280500292343 -0.0278891928111023 0.190657635463138 1.46213579050611
0.184730930661359 -0.120242597006138 0.228749873721674 1.55019649846847
0.148779302320076 -0.31921574781831 0.270033050730481 1.40336489156914
0.284584767000187 -0.384809847337101 0.202205203112263 1.4131245450961
0.253860084443314 -0.201670315122426 0.186917598148145 1.60171486321874
0.0678810640005541 0.00687923981103896 0.144767931209756 1.45028389417372
0.249213864064467 -0.0936663962846033 0.164939741446109 1.63300883550305
0.300960098718235 -0.366808110131652 0.174192326458038 1.45435676369813
0.330669647599482 -0.301029758274692 0.182437472423708 1.52098198708528
0.373607046095702 -0.445589463430712 0.17785034129137 1.53990163538636
0.0119455318156023 -0.116387641848422 0.186582599657259 1.44879728621368
0.214668143590152 -0.0622362761148261 0.166228476318325 1.58594416674416
0.258963846329777 -0.321641714122608 0.161094335224316 1.49793000761289
0.0510240831295857 -0.133070159248614 0.217968669562415 1.39497899241858
0.175762461713782 -0.0815790209098041 0.17654837752137 1.51938331235535
0.635343208021484 -0.596092365388144 0.146252746135815 1.69155484529736
0.271330450544968 -0.121294306405628 0.16419630962386 1.65387615436269
0.201407774077644 -0.330094010224868 0.185062742138153 1.57553757596819
0.156985932394616 -0.220219174447122 0.172379474484535 1.5461434308345
0.136128321277028 -0.199187931685865 0.190064720988626 1.53419436654942
0.171298300291668 -0.105662361681634 0.194609340679468 1.51828989912622
0.211898991893566 -0.268962797927887 0.177882153131214 1.54173693005707
0.0425863120344486 -0.0643380281294801 0.177234772534476 1.67405418992487
0.07014425948133 -0.0218119541118465 0.173330610011298 1.44449415977467
0.00146842593265371 0.160101237126785 0.227155391695421 1.42836981408831
0.320830951144885 -0.322941602319082 0.168495427617739 1.52045250467682
0.124869686331472 -0.229649628357671 0.233572757770105 1.45200684482444
0.240562641217029 -0.194800447385341 0.164742325162477 1.54570207246053
0.247700751235995 -0.0648539086397226 0.148126492751764 1.57394373433135
0.29015506360467 -0.204704811559195 0.203790415366279 1.38354131699211
0.184897225309033 -0.236120769103367 0.16248134400348 1.61091096625081
0.374122756994294 -0.235957345326404 0.133413698705134 1.69047717681856
0.29482431745399 -0.170455228671155 0.152668650198145 1.57404762709719
0.166633901522397 -0.139520219174249 0.217607138512236 1.44935085220557
0.228827911184019 -0.196867920648306 0.224796127108889 1.49005391869235
0.423525054605628 -0.360403072439854 0.186323808188662 1.54850462684496
0.282577851528758 -0.143012687270897 0.169115425494517 1.6262796751793
0.30693833008216 -0.37126145953658 0.154734782728011 1.44759710620833
0.122498619901533 0.00415594855481091 0.171262580441431 1.48181961836098
0.0274005660749894 0.0602689551631549 0.230912922021208 1.3980392545662
0.147335928504084 -0.158173555047407 0.209366171075443 1.37699689642913
0.168850688311283 -0.220898649775535 0.193756344445676 1.57926693966889
0.243778218741846 -0.214631455275077 0.196442340553269 1.5368531356867
0.329104281420211 -0.343152141374077 0.164750213954822 1.46763341143672
0.307569651657585 -0.422391743794458 0.197691201247243 1.53715077004062
0.119641559866593 -0.252679634205799 0.173211073974061 1.42941006705717
0.415367095082836 -0.48761829809083 0.137950994499815 1.50037585130833
0.0860725691083931 -0.000412257486989828 0.162867603827451 1.57839089477875
0.34514268353536 -0.453269713756489 0.172024839142013 1.43660838006652
0.234402961339498 -0.198618588907532 0.156099404247323 1.48973784075434
0.0255286979598178 0.0549349685592931 0.192607722404218 1.60908389876087
0.137374851809696 -0.0859004876162247 0.191201265370142 1.42569133803319
0.319060164869461 -0.191427095362947 0.177474299900725 1.52015002398237
0.307834403633062 -0.230440573426229 0.176148095906616 1.59532610622909
0.069781318047297 -0.067130122920396 0.218029617371479 1.53603279016012
0.0938739385928816 -0.0405214220545152 0.168785114594402 1.51934494779147
0.198875197219088 -0.240854491243536 0.15842266187293 1.50466400543572
0.0974875972721654 -0.0924138035540276 0.193304319773355 1.50877146137016
0.181341098643192 -0.204201042911053 0.186706942725966 1.51996699569638
0.15602160968843 -0.143474227484872 0.1851685972938 1.45492024935402
0.282195694081451 -0.312073318859278 0.179993438011256 1.37881866679344
0.246373355377575 -0.314402301206959 0.177952980266972 1.49369643272669
0.240474086693531 -0.16192498951627 0.192669169024469 1.47410652729521
0.24083699240221 -0.216175138420457 0.18089030079756 1.47173329019398
0.140831638497771 -0.0771047787643257 0.201333742562743 1.40362009163103
0.133858124136013 -0.216095400867683 0.177337010404817 1.37671665418166
0.330235501135166 -0.268019806650311 0.198630068930918 1.37660712298047
0.234998415795061 -0.0952472594022457 0.192152663332612 1.6023606901593
0.217816646111032 -0.154479018863293 0.138099338670699 1.42161703115141
0.0291779873548884 0.0623233557236855 0.175015285560128 1.45061582659066
0.180812190211503 -0.339303774950268 0.180706318568642 1.5401474302028
0.253300106833284 -0.270471229236175 0.167141246885824 1.53765295639452
0.262101048177726 -0.211550602000998 0.161454312915019 1.5352935541303
0.284510389848903 -0.113314845889566 0.160469790581261 1.45565030889473
0.4313746005745 -0.418389263029936 0.189016191066911 1.5540102625229
0.235363032928133 -0.286333335338454 0.194646821396529 1.3810021758661
0.187419444317599 -0.21407346329904 0.177157153446838 1.60012244464037
0.239943535580076 -0.339853489572462 0.191229563022076 1.50360056861924
0.247007060321449 -0.100024144839891 0.221058562634084 1.61843879835204
0.10852377522361 -0.202165703000604 0.185266167163977 1.4968425926446
0.288005428549538 -0.306365549592307 0.177381639279179 1.49900572833766
0.454232549303734 -0.42602137168345 0.187648407624668 1.62338272915431
0.294167749276264 -0.400517507491477 0.172417275570197 1.47048173413789
0.156099550527903 -0.130466291009448 0.211773463630306 1.58884132043412
0.24895243573937 -0.399456209136887 0.171845516418319 1.42604179598776
-0.0162654667271472 -0.00146967439657144 0.208913186963024 1.46193576641455
0.190150077133252 -0.26833178194414 0.156903352362132 1.59012038910631
0.0575968940383265 0.223162430774197 0.196754091461549 1.42457113636847
0.404483771219355 -0.401063579291415 0.151950924509845 1.66390973497152
0.270373403451487 -0.304326567866419 0.200086785872466 1.50112312069886
0.205813580033669 -0.396782739864087 0.230520830673085 1.53806040441986
0.162314061885859 -0.0563504807667092 0.191646781118317 1.54956078861449
0.120002079682363 -0.185430654943066 0.158500920728371 1.43514906084621
0.171988619298931 -0.444957008844982 0.19101673273552 1.4119758972338
0.148697956608506 -0.120198336603308 0.139329337902891 1.50747623466012
0.360120551880878 -0.47095703265494 0.130123433610718 1.67587419742731
0.268462958726726 -0.121126250089624 0.18477824792928 1.54642993970539
0.302782660752371 -0.215150115653696 0.195384394018613 1.40733254216579
0.390125396850336 -0.305160303030977 0.165966813015109 1.72290281083169
0.0436461500511478 -0.197069089535241 0.162533215793108 1.49638043410621
0.182968689641188 -0.328764680843496 0.189596890310204 1.47842800612557
0.207877660668423 -0.427856994749484 0.152381840999804 1.54131256514236
0.147949117955355 -0.307922133195643 0.185366136889525 1.44648446069265
0.261911216040591 -0.380247201521664 0.17476401250653 1.55675763869381
0.160074207321433 -0.189810207741091 0.174528096540947 1.4659801627104
0.2232331002209 -0.306974709067254 0.222068106357604 1.5309804198692
0.282403673304593 -0.39801674077345 0.147226141691702 1.69720378426129
0.0130212422038727 -0.00659403623185331 0.286327078959107 1.59680596849548
0.0801739941968558 -0.0920367807365589 0.195811110701934 1.48649330462269
0.0460531656620727 -0.0221865395630538 0.207017968062156 1.46197844225849
0.0834779829579448 -0.0415432565891651 0.143347546773127 1.7096510792239
0.250591800340409 -0.159953710571009 0.159175567684769 1.49924027195472
0.411401758687687 -0.546356074979371 0.217642191740687 1.37859548185513
0.00811286166863766 -0.110894120441844 0.204901151489041 1.50491953821122
0.276436869796992 -0.134112153920711 0.154331053799205 1.58696216365198
0.115469534378653 -0.243771128656189 0.159273506908273 1.53054350489522
0.201252389921721 -0.318230999969529 0.18629400423364 1.40693373007469
0.384745881050302 -0.345854441569174 0.192816905669736 1.51464273037532
-0.0253662856673235 -0.0159123344265189 0.187788372533117 1.54648490112461
0.194087540211547 -0.325459743011897 0.195779060449392 1.3745120238282
0.124996583342226 -0.26806259102424 0.179011326820798 1.53953247038562
0.309749075916564 -0.295117241195036 0.204843417028581 1.51579747218498
0.186715325309313 -0.170690458995023 0.187991669763129 1.41658888362136
0.265092645706586 -0.167317291068615 0.168219804161961 1.58912063922209
0.322804024369619 -0.240182576453638 0.189868032761472 1.45408986836485
0.19103907329414 -0.16046687957165 0.121471403323549 1.51506462918809
0.21361043611649 -0.200639746818923 0.196661361075771 1.43221599247194
0.392606200892541 -0.343782729503212 0.220685680374056 1.52465573777965
0.241833303486277 -0.329473618561522 0.15167107358526 1.44911057968585
0.275584017484059 -0.135391892015524 0.148983039424091 1.57272954740653
0.117337351540496 -0.0779689122918383 0.19241775107458 1.445406592166
0.313695831622981 -0.398648589427794 0.177046127224157 1.39897141671134
0.288266750388297 -0.354885089864194 0.222389332533255 1.53288898606206
0.175134916557858 -0.179220973845119 0.146213971822819 1.52053041310623
0.203788225747502 -0.0764158033106385 0.185214636679706 1.65002984570405
0.109999261600755 -0.27121795151322 0.230715313971701 1.2707587514346
0.069156475904618 -0.187922695636921 0.207730225987943 1.38773263643952
0.294441835342653 -0.3427360952322 0.18449603864471 1.57346442033076
-0.00745003309310413 -0.0620332946148594 0.222296779288058 1.36600680375993
0.29927232264841 -0.237243591087307 0.182213445064136 1.45413798325509
-0.0535370705583415 0.0147185920462349 0.191525315106226 1.63721510124696
0.294103769820444 -0.309666980202321 0.173586902600893 1.49706819454853
0.260637480028353 -0.331892559147256 0.230879330674868 1.39691642820486
0.373060903973836 -0.476218513647081 0.164121183537606 1.49255853868136
-0.00890762663139724 -0.0524354133106476 0.209588771293432 1.48571847706155
0.309825200308426 -0.518387492840299 0.178301259143581 1.45256873074869
0.143215842187365 -0.100875004635554 0.225984439138562 1.45796278797052
-0.00895022391084065 -0.0710541728578163 0.23615618785893 1.33327500436854
0.230245932300593 -0.267557183477465 0.141331349509159 1.53000695998091
0.124292508372479 -0.220215297832956 0.19009185595853 1.4272969953561
0.158413667678319 -0.0242342397649869 0.175963388963723 1.64124564221403
0.113508673631808 -0.254179768174905 0.153105472984072 1.50498776894476
0.250745751331363 -0.30500937828837 0.175839253955556 1.45550051879288
0.160848689013131 -0.0732919266430123 0.165405833865216 1.5417559941879
0.0906290874284878 -0.231773421762276 0.160453738531094 1.3958496259505
0.145030182462696 -0.291714513739707 0.167785043742529 1.59746279642303
-0.0293137376175647 0.017173116498359 0.193600471392674 1.45425275745711
0.327038445046356 -0.381157327493431 0.213416946457912 1.57078302795212
-0.0441901673669633 0.154202487506673 0.183606058794243 1.42817855855791
0.165812798868567 -0.233636489898046 0.177394724280002 1.53111156488539
0.132405957897568 -0.130555303331582 0.143810138877826 1.47554349119507
0.328730018266773 -0.294350615438112 0.19517279281439 1.56612200809008
0.320423997157299 -0.186030819686728 0.174091065951952 1.41760185032077
0.260981405089872 -0.228556890838236 0.153110498340094 1.54882615930601
0.183008989256085 -0.136546325848042 0.232135320364148 1.52319507268588
0.197363617815349 -0.201590409702841 0.214172498206698 1.6325352467841
0.217224541412161 -0.408883032990317 0.220289383229619 1.31320886049237
0.241602129861715 -0.0373616137657916 0.211148274159803 1.55384067160974
0.280309938723546 -0.356619615292916 0.256774408762446 1.43028208079264
0.420812578997352 -0.444986292155524 0.163554722989287 1.57131255473965
0.275144361710686 -0.197424667191278 0.20036680474914 1.45406138786237
0.379746108748701 -0.429857210495754 0.198135899282276 1.63875610026326
0.198546799702548 -0.26167385443646 0.171443404265203 1.49929775264596
0.152410969182178 -0.171718225290148 0.18191343437844 1.5339905319123
0.16541704065688 0.132793441815226 0.178692565046899 1.44634770605089
0.0457407455211837 -0.103871485701826 0.185229331471033 1.34040380081519
0.295694546408126 -0.278208841716637 0.172841509590335 1.58549949748592
0.306792151341389 -0.458325075922758 0.203956645564924 1.43882135676491
0.138909879666596 -0.129283165769425 0.149528822092641 1.60727963327011
0.235219464863981 -0.485373715989822 0.206755362520208 1.51385417095735
0.169063164461407 -0.215143583157401 0.155104036958124 1.58124999523094
0.0673618334579412 0.0713115978307662 0.136544262184357 1.52847841809648
0.205219883626244 -0.098997098743722 0.209145487074419 1.56158816645426
-0.00325375983245729 -0.030378457506201 0.184693528469717 1.64884990594023
0.186303770259197 -0.227035042819703 0.209188946791722 1.44608682627885
0.214511578045524 -0.346463435032523 0.209313475092736 1.49735991157385
0.147660649459274 -0.099614104733626 0.210635911056457 1.42921017089073
-0.012235119133294 0.0232623717889809 0.204137787787811 1.40862578379321
0.0802649985830544 -0.012437885808339 0.216410129282632 1.49625329845973
0.232452048239861 -0.180853269172778 0.165187034581976 1.5798031121507
0.0963971968577614 -0.184967434916301 0.236484109320072 1.44847901936464
0.0520507320638985 0.0445104729744679 0.207063519555074 1.36883559746045
0.349048188033911 -0.311845755965872 0.23019581263484 1.4390770209361
0.0853418989923963 -0.060919860600563 0.194595986166243 1.37206028818493
0.297840194161124 -0.241452837401204 0.148548041905914 1.53718943717932
0.17156985842061 -0.317008145186713 0.220179826629477 1.42109845738733
0.125165098343689 -0.0664289060328248 0.170996658187092 1.5073516391906
0.154197220768328 0.0237136840696888 0.168416491479754 1.43798019052102
0.247484855494792 -0.223983461319023 0.176635345628491 1.4860203075832
0.136839078541174 -0.132159257359648 0.17922282212514 1.6007693363444
0.246605293388685 -0.318909063374896 0.202124464241698 1.487846109101
0.0512489490841014 -0.0642783872829668 0.164474489727037 1.45972945999922
0.151321232669214 -0.103672770882776 0.224491665404141 1.53363335102118
0.231695466569473 -0.303940391014592 0.173751121965239 1.5155954415203
0.150409865816479 -0.118304686381203 0.228663304876114 1.44645588794675
0.419190871071904 -0.405479946362717 0.22345163814263 1.58333372824391
0.180377393913497 -0.325915331353147 0.208895707018793 1.58364601226108
0.0597917668029396 -0.102273787490338 0.224463511222204 1.42206678803249
0.224970746876677 -0.419918448476998 0.181102779357827 1.47288069873405
0.148156115759731 -0.226027012698341 0.166239924210403 1.56177314350636
0.159067750319851 -0.310705397076608 0.197164675260811 1.44197300235895
0.263836482879219 -0.284600354948791 0.17927390904945 1.44343287552244
0.046928967294066 0.00125428721224978 0.225068106694205 1.49774750008643
0.178458336910584 -0.280231343174032 0.179564618951321 1.57330808295419
0.124193254794786 -0.233637387458959 0.229392199825388 1.39629821326839
0.202869619140043 -0.256341244460634 0.168719080131254 1.5537987381294
0.150877042708268 -0.140796546723546 0.211080013916661 1.62439967689409
0.189836256508029 -0.413255124757725 0.222760624363619 1.32889694420662
0.100355691806788 -0.10196990755911 0.19838845028353 1.53659337309634
0.0854519352391851 -0.149334444978154 0.209584862150531 1.43670216835555
0.0995644322760461 -0.0890705729603398 0.187882797601072 1.4890596917056
0.271876452643047 -0.145203608150209 0.179634395616691 1.64160221393663
0.182043899694738 -0.25426887150833 0.193398009198026 1.46133122891184
-0.0285342886038167 0.0211933397595674 0.180645498567721 1.56616756294159
0.242793266602402 -0.121456460230727 0.188373343746808 1.5031936601862
0.283303634911057 -0.258654952748145 0.171691714441423 1.51098940276808
0.23828657048828 -0.177602810458437 0.183012720705671 1.43320704171119
0.287266971956794 -0.206743714124787 0.198044314447783 1.52472861634334
0.268419243104793 -0.431111712523456 0.185319227412507 1.38711417831548
-0.0238438177624559 0.0144805956057294 0.16744893670882 1.42606814961376
0.23140605465967 -0.320058273951403 0.181750682755884 1.55648074937288
0.0754501888144734 -0.0864618402594887 0.148184395755382 1.57411300829047
0.163629786244973 -0.16525951406451 0.188010498019507 1.45185583718604
0.326951471356731 -0.324381388288621 0.152630331937427 1.59902720908375
0.324927960489444 -0.350613400506673 0.189830927371544 1.45760210041755
0.281823986787288 -0.360110529892137 0.199260743548844 1.40504438516887
0.3203910868164 -0.329588569031011 0.152778797488691 1.52243275888302
0.458636912247093 -0.393861629641723 0.172470499063577 1.49454096000208
0.158304248006527 -0.066878530942327 0.193959330750274 1.51208221867405
0.202179495266722 -0.289795590831195 0.138953055484539 1.60640071035662
0.182524446683905 -0.186798316913242 0.162646785919387 1.40582537659767
0.252933921197164 -0.257148025053273 0.170386241534869 1.50002514840045
0.302014369721505 -0.400783267564259 0.201215041533981 1.5003181324951
0.11002451655573 -0.0324203710840862 0.201740939043301 1.47857418847649
0.181449568800006 -0.168282557579158 0.173243622751616 1.59598774562761
0.114649582171702 -0.0306306550459965 0.191917545476862 1.3846842756022
0.301404245915514 -0.234132082145485 0.20098055398358 1.62367477495372
0.232057137020084 -0.230328644162502 0.179740006502677 1.69439494828632
0.216296247371127 -0.108442813195671 0.159522370801706 1.56862021139684
0.198829228602844 -0.193785301580652 0.167178715301431 1.52497051856549
-0.0434512734786045 0.0317512668458817 0.181639569636846 1.56342430999745
0.201382699995875 -0.263209840312608 0.198893386344137 1.63055800303569
0.216014358720285 -0.287736339329049 0.15924387035227 1.5431214491373
0.263698569350369 -0.313024683421619 0.195522660272974 1.42359255479925
0.182802068416734 -0.197490440294741 0.200732853388445 1.42682628718111
0.324151529489045 -0.355915088320164 0.179289501148129 1.47703451254539
0.255236326128782 -0.322992975234845 0.203338874762943 1.44784268307486
0.172686043892427 -0.246212207695154 0.167217131805553 1.47511954735033
0.231724145709159 -0.297553675294978 0.173681736485201 1.46027755873248
0.267311588576589 -0.154317190196609 0.201301632487464 1.58186356073612
0.160182020751937 -0.138611088564056 0.164968587407487 1.48572027374077
0.12553062326334 -0.202065276747408 0.153821195176416 1.66812247527778
0.496202546253259 -0.844561134240368 0.186647125704625 1.43806962811922
0.195374805581978 -0.161962699513498 0.164371337523259 1.66679070811542
0.251857413452147 -0.370694813643976 0.154294600253659 1.65290374222886
0.295711629411643 -0.252628402073567 0.233415487876826 1.42661791443548
0.307692912639796 -0.48845308352486 0.205952359589915 1.41014918805886
0.0769028456007462 -0.138910077541861 0.259273302163768 1.28204464069339
0.180510703984143 -0.159463615946391 0.118878116482416 1.53510379452701
0.259206896828383 -0.351980521581149 0.131531053010504 1.48980875353573
0.307076775367561 -0.29489462484871 0.167721227572004 1.58850160061772
0.174536374323283 -0.0609845725613362 0.193476090486292 1.47958155763318
0.207296874275852 -0.366144558638958 0.227892619463329 1.32620917513486
0.0564133716019703 -0.128555594491284 0.153026858215752 1.49772129319986
0.232444975496731 -0.123495290779628 0.193982089569199 1.52415100174679
0.144532830877319 -0.0302947648687887 0.163950214879913 1.47357272247308
0.223539349623792 -0.255252760074758 0.161185268207804 1.56633157546183
0.139593142016227 -0.0715275106681277 0.190819666594064 1.53431560633861
0.27348999301841 -0.293916787631373 0.162244989140728 1.62113394453302
0.234730586156291 -0.341509509179181 0.18522789402296 1.58321913618664
0.0874279046526401 -0.0894156343293304 0.201847852873176 1.5992813967696
0.222202394900849 -0.2772231063498 0.13794715790793 1.54908198603268
0.196031568424618 -0.0344301281546106 0.185610489839687 1.40282100110525
0.0370826459046375 -0.0814865233689097 0.196817699826067 1.41031566776352
0.17258446929488 -0.102852133533195 0.210724020344659 1.50690148000958
0.194003639579244 -0.262780770399956 0.161278570585329 1.6117229562863
0.299257279167901 -0.528434768962931 0.210518010506854 1.61946748066256
0.0901761078818272 0.0181280600701711 0.189903476594417 1.57000521591425
0.186289436242512 -0.0549158868914436 0.200535720718029 1.54786507338
0.244718472755952 -0.110866659515361 0.187780980398202 1.49098608563619
0.161220101492294 -0.265090923509759 0.16539752125913 1.52400910147119
0.0859765370193104 -0.0244152886736776 0.202443656497858 1.4429005756449
0.224913035767738 -0.244607381395904 0.163016701802861 1.52663497922564
0.398457267062203 -0.4479791645905 0.143582332985734 1.38719086680087
0.271626798896018 -0.304686241218471 0.217043477147167 1.51191977343524
0.274376462630386 -0.319290060632409 0.169640781655115 1.36555991448887
0.184699877764118 -0.256987559875363 0.151499592252895 1.58180062127235
0.0406948070848674 -0.145685748280465 0.182259491135302 1.49110607362758
