0.343652205542194 -0.465007734393149 0.218267135922457 0.492923113380648
0.155304120391918 -0.223725466009802 0.173159352904592 0.493316013354282
0.144121467393773 -0.10884445491996 0.203750537239649 0.460788979925607
0.391631970044971 -0.485174051447859 0.201598971534909 0.479748205267242
0.335442299301246 -0.200853897992869 0.17600655511444 0.486956553622848
0.198808836500441 -0.349911204201289 0.16653006584322 0.515427874853407
0.271264384629567 -0.443870939757034 0.174071530885859 0.513282316575321
0.186348889421767 -0.303267179966391 0.191077452663119 0.49640433601153
0.324248042461874 -0.319753653150761 0.166800383188201 0.501896593740653
0.39780877649977 -0.466022892487202 0.171674895003407 0.485064622420775
0.144273412177911 -0.179658217550606 0.16955069842458 0.496705325584207
0.287175098612186 -0.568795558502677 0.167483700544339 0.479904758344394
-0.193139644526915 0.0137273603828786 0.163792291959405 0.492447071165886
0.220319420408915 -0.0653903528091433 0.207719900718483 0.476226176814363
0.185659753714465 -0.0433496191285181 0.205543844545668 0.481024454439023
0.326664808717431 -0.365423882948543 0.211242005043695 0.48020698293619
0.20199172921152 -0.566876043211942 0.1625347069067 0.484770141439765
0.137975460829553 -0.130516056416367 0.192693817945875 0.482117725078332
0.124448030054863 0.0780582762669565 0.159602157396411 0.481054365641536
0.199086527583172 -0.372224656962741 0.186410050094711 0.493107503958508
0.129441206826703 -0.100743611257922 0.207955419827296 0.464027686040819
0.142431615433964 -0.37285398743718 0.209084820374327 0.490499317810065
0.0579996691308188 -0.223432249480023 0.176001671909157 0.499400017473467
0.00451653022310266 0.0376448389959881 0.16910221467696 0.536936659544844
0.308335221228768 -0.294460248129422 0.18982445524837 0.50280249684544
0.217604774402859 -0.420697193696882 0.212147875280372 0.50780150707189
0.135521325142016 -0.183882770820633 0.169973168919865 0.496710372184276
0.460773941752324 -0.471329591919203 0.186975650044094 0.541557355878554
0.0773441568085888 -0.144473159396643 0.169226068178678 0.503796925880632
0.184785869409649 -0.0845513815240993 0.180364399281431 0.510755814981784
0.213738822966868 0.026586851231049 0.181310956285145 0.493343278820804
0.232971570451563 -0.102300655027809 0.181181394305972 0.492741634667174
0.132135764549134 -0.0194148543120197 0.161647257242096 0.485532822516536
0.40919718696761 -0.511812782396965 0.168079167654314 0.516195005459231
0.176531785562892 -0.166248074863782 0.184235407420201 0.491072143941604
-0.0250828469045697 -0.246939411114315 0.21602806967732 0.490494520354685
0.369705205076505 -0.307825668636426 0.161136962225248 0.550605016184229
0.255417418423342 -0.256296012564104 0.177753041882657 0.510025099109312
0.218813797844329 -0.334717376606755 0.149936509931698 0.51872278210957
0.315483474082941 -0.384242311210612 0.188420455963661 0.504737202916586
0.176249483566495 -0.191208192827054 0.149933946448883 0.499588795200131
0.416859297708481 -0.172196586074699 0.155751761352475 0.525228149217895
0.1526025470322 -0.0723911875445826 0.194017439795181 0.474133468109672
0.332394345626762 -0.510682522636246 0.171669669948158 0.522116149457296
-0.104649828346322 0.175774267864827 0.200200232423584 0.498693443462557
0.263549000788547 -0.652041739274778 0.175046400176247 0.493316287235732
-0.0646396239899203 -0.0192903451663898 0.171758609774671 0.474114368877603
0.325904651259788 -0.450817164191502 0.13204767643993 0.482269072641283
0.229138665518718 -0.144532028577443 0.183211296459624 0.455893844916938
0.432933135919612 -0.502408151416898 0.186690813719804 0.503499858262349
0.311554346883361 -0.231108797755728 0.159245629809468 0.496406722481395
0.0707896045817468 -0.144466014810424 0.159345857401903 0.504147360395493
0.0462737518051183 -0.0933819893177098 0.215132533864114 0.493683358828291
0.218562409637553 -0.221073177426237 0.156732165844274 0.550440482773162
0.284364408975591 -0.399510543848401 0.176083485825391 0.463113139274426
0.246516278701566 -0.342761868912591 0.169593202502211 0.520291903813388
0.173911054665061 -0.107848343314757 0.221222890450629 0.519344987664559
0.0741135545061715 -0.0541636501331682 0.192407066684498 0.490669838860376
0.294811427177345 -0.337438076575767 0.155317703791954 0.508846712331263
0.340554642780348 -0.239933268910897 0.194354209640957 0.471513790596038
0.136368356855032 -0.208343102395342 0.197135064278903 0.51732923101085
0.0933322784189118 -0.0377879026756091 0.257144004626615 0.469236598872702
0.156645236211161 -0.0784924868539822 0.196412970717929 0.51669931386688
0.382063149242955 -0.663281052035688 0.173713772448835 0.524223900003978
0.144875982053843 -0.317122741613527 0.197125176803367 0.493540627249656
0.112813516822264 -0.0978622450278914 0.175447832018307 0.495378229367522
0.0510830564511114 0.0193537151917096 0.22537886450388 0.489687223596397
0.29058394295456 -0.221147349486919 0.142624565547308 0.488085000741586
0.1354026207585 -0.175240824262346 0.19757648835665 0.491785535791187
-0.138025002416075 0.0495319070233673 0.213425284015914 0.463911233231827
0.0586114246538281 0.00475399757650042 0.156781426911293 0.454769039218955
0.276420189061521 -0.357435012338614 0.149437736366665 0.549675940648938
0.150681998900255 -0.11179931094292 0.165383958100385 0.480062836100445
0.0904005743777937 -0.17969657816588 0.234294037964504 0.488855875902665
0.0824949829922264 -0.240093699639306 0.16719022535995 0.488088549633856
0.0625338810582107 -0.154296275879286 0.183220006006453 0.556013848326508
0.26114783420434 -0.402606947403904 0.128975681224548 0.503443789645691
0.463403224745375 -0.573100402912322 0.118878116636913 0.526462376887512
0.230202812731758 -0.235916265912092 0.147882564538596 0.563805477726457
0.0122298370290843 -0.0246953067131532 0.201547728723835 0.48901148228914
0.061174871091414 0.194050119434273 0.168567484685465 0.523020774111264
0.0808138260911276 0.131808453892668 0.21480939169063 0.500703126361254
0.0639139492817262 0.0274911050278767 0.192943147744289 0.474692113407381
0.137488982389707 -0.047199226939406 0.163603807333851 0.465781965878041
0.0677218048386417 0.162264980377547 0.192456875717152 0.537680252501895
0.171645367637543 -0.263277055887364 0.129603395898496 0.527893203471264
0.285227390985766 -0.313877261777213 0.187742268303602 0.476799179233795
0.247725134187364 -0.193833571837914 0.168395044553846 0.467501459410272
0.0987136101551541 -0.385533496571218 0.173486843877313 0.504789400514873
0.360653376660669 -0.275987536270588 0.172868950133807 0.510880510467391
0.302563600127113 -0.293114755821705 0.187511730420365 0.499379306065688
0.126468817408472 0.0660263459280547 0.158777512210811 0.461813250155249
0.12923814466661 -0.213361311259365 0.197788085970941 0.49414943558391
-0.0153957448688121 0.0233708643040861 0.208604530878358 0.487585624375502
0.220902474106667 -0.239540201055738 0.216174821035984 0.517306933507432
0.36823382194892 -0.210144885596109 0.205624719053733 0.509327073571412
0.203074589652035 -0.0705792218675312 0.208951358678024 0.514297413834181
0.23341555493866 -0.166016491808698 0.206947251346881 0.493449143613172
0.168756415798056 -0.181775059491819 0.184275577039219 0.517812331855739
-0.073177477857805 0.019999934844956 0.206703007019116 0.48819034459141
0.32503553691365 -0.506839980163374 0.179687895738694 0.506784819799377
0.241389253726203 -0.223167158074242 0.200565542510461 0.504198166438275
0.0799253445899673 -0.0283402716986321 0.155286036558949 0.542406298373374
0.135656573347477 0.0268005191973975 0.204316810585443 0.495402224237412
0.278380414309849 -0.234312703181492 0.185364061144855 0.513189787058519
-0.111148095099364 0.175068903939345 0.186550190725364 0.464644444203702
0.188708527077026 0.0718344826400331 0.143568073069224 0.519892492554768
0.0502924043073771 -0.0443017868003065 0.202317334890533 0.484280377708301
0.312705609753962 -0.195639041333405 0.138125726168068 0.527605620768662
0.176851796578606 -0.206719758997784 0.183147467404082 0.488508878706385
0.0528241963720483 0.100675862055954 0.173732438908405 0.548714266138924
0.0726346086581374 -0.189715316784669 0.184876834533465 0.482804629598596
0.187210218818467 -0.206296049036191 0.217597889890476 0.48891287918306
0.318484450630503 -0.301936639557212 0.174492429897358 0.503317688614439
0.250550568800566 -0.30391136057214 0.182142425182427 0.501518279986449
0.296756148073564 -0.337623954094287 0.175800440718772 0.558727854557699
0.308737716485841 -0.415304684169253 0.204572127175504 0.473033349367443
0.0845933851053519 0.0435344947110977 0.238347792151254 0.507571944117482
0.227732198749148 -0.188478218715664 0.156093441850809 0.478146630390135
0.330892037248294 -0.39141160613203 0.166223873913659 0.508334473141742
0.0165574099614455 -0.0145830420016422 0.148170760413194 0.479103115887575
0.470448092032688 -0.45027614610509 0.162393506701016 0.496233572671968
0.0773609683659167 -0.0827297140865996 0.155428412599171 0.506214448590505
0.13949266256953 -0.266776898071426 0.145135174599873 0.489355213788962
0.0474677371661546 -0.0153874929132732 0.208593887015476 0.503468079669124
0.242665250966552 -0.272349794660049 0.230777539880914 0.520150241381083
-0.109654484639135 0.14870124536346 0.227755087143319 0.505461284394969
0.0369533454495459 -0.0580018341283714 0.166085758720368 0.495861661158057
0.0933097950280204 -0.116862601226726 0.16471669886536 0.50279919408741
0.0752105877320362 -0.07009177778277 0.2110934920475 0.466906631757779
0.0875371073266883 -0.0868867305286621 0.177985053524404 0.522973011330521
0.235337535060157 -0.419562244623981 0.23215112294052 0.470388464338136
0.253238763268105 -0.119161823483859 0.170480760087837 0.574186661777571
0.447274654080096 -0.468227850001736 0.180551831327147 0.511634404722482
0.243754844395197 0.0933935207626585 0.177543507230395 0.487661394694963
0.259318387011281 -0.366298899821702 0.161090654183083 0.521677521112845
0.0344277752229054 -0.250404169467799 0.237668616869069 0.496561415356254
0.286067243458478 -0.396398774934969 0.180086474566582 0.493225512271411
0.21564717248753 -0.323313086394359 0.188206424703626 0.486192368240019
0.572377958409656 -0.783664926178984 0.188433562420939 0.52927590632325
0.108551350402832 -0.00347067880650468 0.16115032508973 0.522925236564741
0.0690308915449069 0.00977163877960432 0.199906529715789 0.464454554462808
0.108931320062529 0.0339420571875386 0.140809706419292 0.539462321654628
0.0809986487391168 -0.295945823334521 0.197525389444271 0.505013082167983
0.195392348813303 -0.379427333717868 0.203578730364488 0.486429233644433
0.355984597797391 -0.21922723210558 0.223701969073689 0.493831589535289
0.105266127247256 -0.0735730601987837 0.167236823847338 0.554400405421717
0.052067972207884 0.0540162938516808 0.211696930077363 0.463125363660233
0.121767455198109 -0.0830502418757539 0.178493652334541 0.535455523589493
0.0818409633171769 -0.199893128319397 0.17329675840781 0.462854268551118
0.282905756378529 -0.212119629818834 0.148833817183104 0.515194615885954
0.285296665171029 -0.307743932255315 0.19316994126593 0.492086911317021
0.243384934527203 -0.168642225591218 0.133236934385083 0.573883231791213
0.340737055748186 -0.288433735380051 0.210165941463234 0.4721714985625
0.504948023439215 -0.45202335836341 0.207884635630697 0.512109864303125
0.342647809149609 -0.39361951564202 0.166664616220042 0.562365019493177
0.285082880570051 -0.133205713194297 0.152925645891377 0.496342783274349
-0.0590601217727241 0.0130536911366654 0.217664340138759 0.500776222952532
0.364284119564704 -0.289608341394939 0.248638208433792 0.453471453808764
0.285260402892279 -0.161063974554984 0.185684170021845 0.513517708349229
0.263651602470998 -0.225156719778231 0.236458717552483 0.461626316955574
-0.0527167030266331 0.0241885658690637 0.221234769956409 0.477576782526777
0.130259619675903 -0.11264260768984 0.201969882448798 0.512256695441301
0.116202811856316 -0.135911017528523 0.153241112436716 0.548912875269007
0.248836877044131 -0.355560238731748 0.173242122672111 0.498357287157292
0.246169220410774 -0.237612419135315 0.200306977510629 0.488573796831609
0.105292665439358 0.0321786195401194 0.203452734313807 0.444891701009913
0.259645035968394 -0.269878724267947 0.186712919419817 0.483588319458664
0.0548068567330036 0.0039532388581981 0.170845981101618 0.482026344195525
0.129666251495483 -0.384507046166259 0.177861045341904 0.479121394803591
-0.10304571702073 0.204559025767116 0.174211856747731 0.477637224669755
0.259039671983916 -0.435501513890375 0.159097514662693 0.506232249014847
0.0130274885279201 0.152285442451512 0.198290653830108 0.505061908462783
0.272965617163496 -0.434787632330281 0.164742793577165 0.495864787813113
0.38622783498559 -0.204426262646395 0.181245379844651 0.51231979828175
0.0149551856785524 0.0702938163605777 0.166252267652755 0.502314843306965
0.0876865245521745 0.0586921085471572 0.214545696901232 0.495253843058998
0.236024275760164 -0.300434532450639 0.201049968703634 0.499384647414629
0.159706409152344 -0.164111329553615 0.178419552759635 0.495845119909825
0.391607731036496 -0.412415196841979 0.151834512685262 0.564424466263149
-0.0724348241224889 0.0752662213604263 0.159326505527527 0.538384852829683
0.122015757278788 -0.175927640506481 0.176243073299416 0.511055156492908
0.263410522107233 -0.302746237140684 0.167578864305962 0.535282285268228
0.0611649083953701 -0.0312618827392309 0.232401100381075 0.460794760808907
0.101545569551513 -0.219536957812493 0.147607791935917 0.531117064632472
0.590964725982603 -0.530107947641761 0.203955238089785 0.520794312063908
0.178999921279 -0.24306223849308 0.213833809481872 0.483292485295297
0.23880640768924 -0.221323130099294 0.20516359470815 0.477589384750127
0.108100354172866 0.0480014217164486 0.175261217253294 0.494129904954131
0.0748664863586982 -0.0752880327488143 0.216254567112454 0.493381500119867
0.250781775568631 -0.313313479071128 0.180968119951313 0.527636229946893
0.139316935467512 -0.255988665177204 0.182944929241075 0.497871103843935
0.47193413568535 -0.48047317215305 0.141558583089251 0.56135473314593
0.173224240448878 -0.00779676617236654 0.191312681104758 0.487869791404053
0.186323830060455 -0.113906924419623 0.229870755451562 0.51287859583856
0.152379944576853 -0.339715298916997 0.269967654364255 0.470444020566188
0.295992028352098 -0.410524002292828 0.202587411394149 0.472713636738111
0.254418811725323 -0.20626018357426 0.187006179951302 0.530537396534135
0.0509273452808898 0.0318860006380857 0.144793060175147 0.484060042716789
0.248955359460028 -0.0730284834542648 0.165961783137933 0.538867058710202
0.318049239928692 -0.4003317582504 0.174349551775639 0.485876535353684
0.346437280057927 -0.314359832164669 0.183026231320531 0.506125289525727
0.411894288045077 -0.508127634817212 0.177138134677866 0.516054072309088
-0.00789065021069923 -0.116952384793681 0.185576779731941 0.484778222098301
0.213388477677063 -0.0298001809084671 0.16601273700737 0.529062476471854
0.262522585621443 -0.324053815704334 0.161060265829165 0.500119007437153
0.0323735328855027 -0.124287398718867 0.216889765941815 0.469043516108807
0.704879966313603 -0.666694876825744 0.148555473515408 0.560689649339867
0.282650613262942 -0.103128675463757 0.164984813991452 0.545385700843502
0.20299115678383 -0.358955832078331 0.184003574153103 0.52534854843223
0.144698483627802 -0.212674027727877 0.171821579549535 0.514802780802166
0.125953709019016 -0.190885376675829 0.190338381863837 0.508732386677763
0.176450081520696 -0.0985035881105404 0.195055817822986 0.505373277584833
0.208597423747485 -0.27655159773844 0.177489390358188 0.513323823546184
0.013817135760774 -0.0337183083678359 0.176292129060896 0.55309016224068
0.0577964644619451 -0.00649709598178177 0.173724449671061 0.48117489800368
-0.0226746000404342 0.213279307808556 0.22774129716099 0.477509595319546
0.331921795812772 -0.336367647071221 0.169785744078339 0.502717821771155
0.120417994990173 -0.228743381714618 0.232713071617316 0.487335041494593
0.256399090282645 -0.200406174248009 0.164906425940864 0.516011373169439
0.255122910411422 -0.0381908453091902 0.148896529855362 0.522407627927407
0.313298910403394 -0.217923981122303 0.204711369814155 0.464266119599831
0.191412094169465 -0.245175149176871 0.162343233904547 0.534542760863731
0.398883736444835 -0.226493303223941 0.133874778794781 0.56145810646672
0.304045385084531 -0.159616602467998 0.153046195105752 0.523005332819187
0.168909317478768 -0.141556403312924 0.217632110917269 0.48441700434697
0.233503718352039 -0.200369940086573 0.22452741367268 0.497995707016824
0.458410902838283 -0.39084243875499 0.187616494150462 0.514381492019417
0.291265177236514 -0.120442078289171 0.169759556065185 0.539442964110759
0.33478071748006 -0.413416041979193 0.155041957527198 0.484429433212921
0.112229541254594 0.0450361310729049 0.171246250278957 0.495764834673114
-0.00692639629514757 0.091298702481353 0.228031325103463 0.473354654950047
0.15182449060018 -0.161461577927025 0.208252487659212 0.465886865061072
0.161557282917044 -0.222179056978892 0.193680934883308 0.523185661413509
0.248170823305053 -0.204608993678326 0.197431626503622 0.509466244010537
0.353156426250075 -0.35644694318234 0.165060539652149 0.492077080781114
0.335970043726789 -0.469446386834489 0.19829988302066 0.510362622596554
0.109109226250021 -0.260960779553724 0.172477928670065 0.479815799882807
0.436250162899702 -0.525605809266553 0.138289459833051 0.501307465731991
0.0666291295947287 0.0336134943504435 0.162960438529819 0.522746515452344
0.366503130257475 -0.491765467173944 0.172134026190453 0.481438965429296
0.232913429822628 -0.181676764706425 0.15573631535327 0.499021073564297
-0.00385931977739153 0.0953973851806291 0.19183010321347 0.534204901657398
0.125003603663522 -0.061705081126139 0.191679971038858 0.475700755221632
0.328742435882573 -0.180424631924633 0.177972236806992 0.506456445651753
0.321796359908106 -0.231923150219167 0.176385163783476 0.53123859721573
0.060654590187744 -0.057400494319406 0.217821489291219 0.511927357986094
0.0730289752065374 -0.00165103741675417 0.168343618326692 0.507016917554302
0.204566696391618 -0.252355671588698 0.158706779579983 0.50034264767315
0.0746068530630284 -0.0542363551311754 0.193117807936141 0.502073058136465
0.174445366167601 -0.190466971975223 0.187034980536116 0.504946240788759
0.144347335428605 -0.129917428472434 0.185336670132482 0.485184533589897
0.301074021916449 -0.336125081657182 0.179488134338174 0.465096336378931
0.247490860676275 -0.324108185274296 0.177255591505362 0.499552773159141
0.250757855765534 -0.156229403463782 0.19326917512493 0.492202846718177
0.252522301865826 -0.224625008068485 0.179931629517059 0.495325080850874
0.140788660274996 -0.0681127531887621 0.201754045716957 0.469934747923449
0.132246946154964 -0.225268851414393 0.177481271285865 0.461956443713135
0.343742429971353 -0.26239543637798 0.199315856504238 0.462411746628168
0.23921664917357 -0.0765626256113713 0.193179073167 0.530311515232072
0.000750274150704215 0.102770167846818 0.174616321758356 0.48577687909842
0.175125029321665 -0.361012866742361 0.179698214517402 0.513915681127381
0.278018814043546 -0.301681403036908 0.167110602822968 0.513462776725044
0.300453546624516 -0.103722153923949 0.161192680264256 0.487274808868452
0.47529574226603 -0.458066476374582 0.189960692410647 0.517824658785086
0.235987327959628 -0.278206062131565 0.194944432252675 0.462907462402764
0.190585714120194 -0.216586649633003 0.176966386458797 0.531530879772494
0.259117653909095 -0.372448026877718 0.191112378952957 0.502329193796598
0.257698476741067 -0.094255205497766 0.221824363484748 0.53554299693965
0.0937245130671694 -0.194266894974249 0.185182615020177 0.498034332711955
0.299741579085736 -0.312374222913829 0.178200374834642 0.497993346363644
0.508586230170581 -0.481837483515539 0.188194484894963 0.542181032044617
0.312968951749874 -0.431143352950688 0.172300068417361 0.491953157664478
0.149006521950354 -0.120387942296702 0.212199116582848 0.525052535181339
0.26913887556406 -0.45301498779538 0.170993780954372 0.479909611556507
-0.0480127377375021 0.0454902722298897 0.209056282436386 0.488462386076224
0.191655647332006 -0.28221103885046 0.156446875801132 0.528118714741669
0.0405442387179291 0.280124618306969 0.197480482149906 0.477315737613862
0.435527480268034 -0.427925852709406 0.152946031329824 0.550403692819992
0.274019246407831 -0.314303715099959 0.201208446836208 0.497206761798406
0.212892501947015 -0.434705558124052 0.229216671063554 0.513949598373091
0.163617426419885 -0.031089868118885 0.191926580436116 0.516330221147904
0.101247747017106 -0.177431006863196 0.157705391853947 0.481019952790985
0.169043019216863 -0.473077284661439 0.191764172597836 0.471082361181653
0.139787287732619 -0.113930379505605 0.139304418317009 0.501820614338284
0.386351610242269 -0.511011946984172 0.130098881806523 0.555703176603316
0.286753155709374 -0.118445397432578 0.185307928250719 0.516162460531924
0.418933817300092 -0.314682146498413 0.167057887863892 0.569073957441929
0.0325816133220864 -0.201180871919921 0.162286134301955 0.499273899883653
0.18856789561269 -0.348803705752658 0.189803156138613 0.49269530012285
0.211934925460196 -0.466256656639798 0.152040162229892 0.512952711882853
0.13768119247641 -0.316683533611485 0.184689878639355 0.484619510598972
0.269668837245372 -0.400970820718286 0.175379962162347 0.515221924643204
0.158514212503074 -0.191502181394685 0.174566473240987 0.489097688280357
0.238395210983268 -0.332176489979412 0.222699358693116 0.508147925334397
0.303494139927785 -0.428655479094395 0.147882694412313 0.55766350177339
-0.0105074897247074 0.0148653794550357 0.28553897085906 0.529960206707773
0.068816242037224 -0.083279981064789 0.194484317573107 0.49818540003176
0.022457801723648 0.00541545921452949 0.2052305186843 0.491635741774346
0.0638276547870837 -0.00286144158938889 0.143045514477909 0.563896495143324
0.260994563858707 -0.160964630720482 0.159476138437478 0.500698690562084
0.436204557430065 -0.582766808190879 0.218848923778295 0.461560597156823
-0.0163711232153148 -0.0971829311784665 0.204504270287839 0.501012987901158
0.274360810040752 -0.102191806307119 0.155237588682635 0.527192043712255
0.107938169714068 -0.257711738118186 0.158943729618126 0.50975626438706
0.203190507819944 -0.339540879219461 0.186767507823882 0.469166437100218
0.414617101489861 -0.373053937639188 0.194035263758802 0.503496427742238
-0.0646135444604842 0.0251082980222805 0.187245890376777 0.513318901068401
0.19521199429583 -0.345742283123438 0.195296940811942 0.462531140255626
0.115209695131711 -0.277898505395322 0.178873836278127 0.511789410320725
0.32468346926929 -0.304737315277234 0.205851884925171 0.503340611835085
0.190565811353434 -0.173489260851823 0.187937846675255 0.474652139844518
0.288547145189653 -0.174693797062976 0.168912485648794 0.527463367373501
0.342928023218978 -0.253868563156244 0.191541584254215 0.483574302957555
0.199213620866355 -0.155017449612136 0.121670894714204 0.504485928318595
0.208723968708102 -0.193908951252776 0.196228389260095 0.480276971069407
0.421293850726862 -0.366962065025099 0.221638843490424 0.507381855339385
0.26578456442831 -0.370580712336705 0.150966757852216 0.488209714150768
0.283490722933285 -0.120506621377159 0.149858093208426 0.520406645066987
0.117198088919792 -0.071659837936272 0.192829582273694 0.482137124947497
0.321172495578343 -0.418754006212887 0.176595701012026 0.470391662372192
0.300094078717336 -0.377040694569721 0.223484596470634 0.507488121376544
0.15857456455772 -0.157315042353735 0.146064930998634 0.505197024099178
0.199863339430669 -0.0437190742664431 0.186396605651308 0.542739084955981
0.094952795687403 -0.282653630157194 0.22883856203205 0.431535757862423
0.0424432477023261 -0.169439901654148 0.207000791198721 0.466862944509212
0.306212789557635 -0.357037076383824 0.18536120638179 0.520363276316031
-0.0288409440029082 -0.045735480201221 0.221186134571491 0.459999299855092
0.320718777955521 -0.255522599904877 0.182195466985874 0.488441096369517
-0.0895261815610668 0.0616076560042744 0.191737448419281 0.540523749770565
0.298811919886611 -0.314935358100962 0.174866809236009 0.495123954553299
0.255352655457186 -0.345238483208799 0.230140749970861 0.469021309372342
0.397708956565698 -0.515874050226203 0.165287795253866 0.495392726188462
-0.0366717370967063 -0.0225972309072485 0.209842878161943 0.493868504873347
0.32735171423327 -0.565529879461829 0.177719781812034 0.487824649290389
0.136573819733766 -0.0918619642834788 0.225754609568493 0.487308901054743
-0.0223219165883255 -0.0650326041319965 0.236260095063046 0.44818315344729
0.234785981425464 -0.274350412942377 0.141565911452432 0.508153138545948
0.110554527660303 -0.220622295210357 0.189467956227136 0.477944774240721
0.138094097482675 0.0310274893858281 0.175573139937502 0.544127424508382
0.0993603556761682 -0.268839878749564 0.151737964229549 0.503872721684841
0.257074181274642 -0.314157073865145 0.176251165793494 0.48585855512244
0.14332543660217 -0.0294491121636616 0.165097038577436 0.513878182410383
0.0751074783068099 -0.239380966145787 0.159642015960077 0.468777784335331
0.145786291311686 -0.32335540034715 0.168241402854683 0.525991269539766
-0.0750971832592617 0.0692495217426852 0.193288657818475 0.484403995072708
0.356880277448014 -0.423979132909827 0.213574727980684 0.522708763845047
-0.0730820018961683 0.192380924273355 0.18358555222571 0.478110832968587
0.161826480380021 -0.248871013911359 0.177747965119444 0.506867506780756
0.119575280575194 -0.109009726981589 0.1434361289806 0.49296512351345
0.350466258090721 -0.318322073288867 0.196320106000918 0.518724181792416
0.342240356632746 -0.19795944934381 0.17484611627004 0.475242187544631
0.274419906969966 -0.233239859748844 0.153330028454381 0.515974056604799
0.19058482253058 -0.141279701913582 0.231552770903413 0.508450549343274
0.200662529224412 -0.208235789450294 0.213936710379287 0.540516092047775
0.222167911781096 -0.435619691309582 0.220387157429502 0.441360144524388
0.244510388960642 0.00157210550806119 0.212979734500908 0.515421708551393
0.288353526242775 -0.373040844268565 0.2570124633979 0.478359113451019
0.45011265985808 -0.474643105083243 0.16491219703359 0.519704279821303
0.278493679669624 -0.189058955191552 0.200755444603233 0.486405228705601
0.410297374678332 -0.470209358337469 0.198659058123694 0.542852219532357
0.20109407040432 -0.276848820468975 0.17276208492327 0.494493550650615
0.152681346480838 -0.176461112917356 0.181739326448051 0.511056953959937
0.15758807740185 0.178455613112525 0.179826468814299 0.482962167397824
0.0234273420779541 -0.0880370339610902 0.183833224455214 0.453524734271791
0.310909117744442 -0.297024898972035 0.172413303196989 0.52860324011378
0.328693264563832 -0.511497667805481 0.20372294140944 0.482074883435478
0.134770484793042 -0.122927681148202 0.149184054646274 0.53362346117279
0.248252987675929 -0.530598221341651 0.206998989695936 0.503189090754664
0.156257531891642 -0.196162874229271 0.154819083650717 0.525270169670181
0.0457384578530126 0.119286776548135 0.136020261316328 0.511716111691226
0.207284048054355 -0.0858630856123813 0.209659292967728 0.518643609228971
-0.0323420678935879 -0.00277730893451808 0.183777689141302 0.54625983102757
0.211989405373917 -0.360625782697783 0.208625666987659 0.499259562710473
0.124676440856582 -0.0573386087968051 0.210561009332445 0.477537667220897
-0.0473468139653375 0.0672339025151558 0.203294959325698 0.473756091878411
0.0581429583428756 0.0377133228119024 0.215558915936291 0.501566236851532
0.234246171615201 -0.170197857422829 0.165552517971812 0.523506851312095
0.0817597558825489 -0.177146518932954 0.235345272631759 0.486063528186892
0.0214276344434865 0.0904869858673143 0.205652220397638 0.462702304588209
0.371504041556041 -0.33320913417652 0.230914749882819 0.482327423012212
0.0520907664452272 -0.0263009490764517 0.194429363427266 0.459963139669453
0.305682841113379 -0.235551810700194 0.148817489962794 0.512235783160187
0.16412217476405 -0.326261512344548 0.219696764804678 0.475613832726327
0.111607502201397 -0.0462060745554615 0.171391825060368 0.500426644285149
0.156434003753073 0.0394329034116149 0.168181911777167 0.483081232559638
0.257183497646673 -0.249651145173878 0.176870537270141 0.495389797712639
0.132328004887411 -0.132952892312482 0.178234749784887 0.532286504614788
0.244908098847615 -0.327878105879953 0.202343438560976 0.495346501472262
0.0357567991676912 -0.0480888802139747 0.164037056073831 0.488197603129351
0.135838692062376 -0.0720943924163459 0.22423117931546 0.511168329867289
0.232897970271747 -0.312515316552953 0.173788674008243 0.504464729344662
0.136857978344508 -0.0919842045560572 0.228887232478637 0.482557715789995
0.449164172444968 -0.4400507300249 0.223822220216 0.526257356602307
0.176183146521862 -0.348056713627574 0.208011997071782 0.526313048719148
0.0429418541230378 -0.0895212266320678 0.22445591863678 0.475227793956609
0.239322054481112 -0.458892011964213 0.180562168120749 0.49398077180145
0.141653376070773 -0.216516199662581 0.166216026579568 0.518690563789021
0.160004941811757 -0.334713984119968 0.19684130420025 0.482402100078896
0.281127970845414 -0.288629375011064 0.179852898880987 0.483415548360142
0.026434369193803 0.0274939147255197 0.224827542498601 0.499387942820251
0.182624547005953 -0.297589503844927 0.178841839309428 0.523977420286388
0.102833173520788 -0.223004771198339 0.227590144761221 0.469674619023544
0.198337280032077 -0.24803927894841 0.168906175492886 0.516440694842546
0.140672180762498 -0.132596462914293 0.210996347508161 0.536746315946915
0.179203059984451 -0.431928774052611 0.222348032738989 0.447061384916212
0.0882636773212016 -0.0916033367802917 0.198786580070308 0.509148812366409
0.070738854857932 -0.136615668078389 0.208921306691247 0.481083489630787
0.091312235192288 -0.0810853236458295 0.187690134183188 0.496600811137532
0.285255235182038 -0.127541385002269 0.181185357577201 0.541387822477081
0.175263359079859 -0.270783146325728 0.192959064007009 0.487814418177687
-0.0706385701460663 0.0552139559431945 0.178840634568635 0.524609600906893
0.240012280626302 -0.0973217908478803 0.18972996439355 0.498635644234061
0.298570744537171 -0.278092841798532 0.171894893429911 0.504389200350225
0.245967862360775 -0.180838134973014 0.18329889838667 0.479454879950514
0.285128036202907 -0.170211049357072 0.198450395353506 0.508937418583632
0.278298658007458 -0.458969720790962 0.185818736495546 0.464104709755538
-0.0671144366816019 0.0618669168941134 0.165440695894258 0.481416793983977
0.244065122841767 -0.349207046754211 0.182268262214016 0.514844578533036
0.0708725276620146 -0.082371873598094 0.148440084316652 0.521447470001648
0.152810006232473 -0.147429916030513 0.188544211514901 0.483301142514536
0.339210681923649 -0.32658188269967 0.152549295294199 0.531774014998352
0.33056812447759 -0.361506732260692 0.190155663232285 0.486305523955015
0.310737942702747 -0.408906330830765 0.198001780045906 0.474961779064767
0.353269307240949 -0.361880860661457 0.15333556825406 0.507535979836345
0.485681913992556 -0.413677311953968 0.174202466251984 0.496819252136825
0.150470293573953 -0.0440571684241495 0.194459264562544 0.502824267186061
0.222179799036059 -0.330850052106234 0.139139161434248 0.531792445529289
0.194019392985184 -0.20778160865169 0.162706626419496 0.469710470767417
0.265387129436789 -0.266161399202282 0.17041549729928 0.501024189257823
0.320088260262724 -0.441190992622089 0.200488055730693 0.502413661934968
0.104387681562053 -0.016893999392624 0.201951238233824 0.493317202263049
0.181246859289812 -0.156473942817567 0.173548929911545 0.528712553157922
0.0987183737293852 -0.0106111855336325 0.191580541794546 0.465503474409789
0.312441735866377 -0.231984224296398 0.202304455306147 0.535955335811353
0.247654093846305 -0.23618912296811 0.17982883888994 0.561289868981516
0.215896545918948 -0.0973871614925029 0.159876997098513 0.520897455893976
0.208784399013948 -0.21437207830321 0.167106140895669 0.50715206104868
-0.0845633627493737 0.0793963499144635 0.180205152448205 0.522673530683269
0.201282789374341 -0.273099452421037 0.198067026505844 0.541097930439468
0.232964503830576 -0.317766171984483 0.158970689939596 0.51482190424836
0.288619959617577 -0.344842883003166 0.19571981964731 0.47741939055704
0.17771114745223 -0.192031926989185 0.200289170661834 0.478635164527952
0.264644153175167 -0.348763649777184 0.203386428669472 0.483980629493451
0.172031049879491 -0.255629094701625 0.167458187576863 0.491071108049744
0.226443595536586 -0.303122367644029 0.173051446511867 0.489376008736584
0.279916069521467 -0.145025006929834 0.201277629651871 0.527246566234035
0.146701490301592 -0.107577160649415 0.16494569388749 0.495712304983033
0.119333303790963 -0.194552380143539 0.154512701231157 0.54798587384725
0.541530382925914 -0.95005028760196 0.185364905944081 0.486293839157624
0.199076817524492 -0.157498977529762 0.163045461304421 0.555529036166001
0.272997540428036 -0.403158967757936 0.154578044927608 0.545926926863326
0.303338215371948 -0.259560205946999 0.233967840203752 0.476540531685188
0.3280059976163 -0.531753060947899 0.206192591370043 0.472660717325732
0.0654057215873806 -0.1267430083098 0.260059949852865 0.430934072702982
0.203968156812406 -0.178675507316946 0.118878117632044 0.512256815597282
0.263900818337306 -0.370439627552073 0.131699835750895 0.49568435684004
0.324083275632532 -0.31234763368388 0.168522940228804 0.525406324602591
0.177489997550201 -0.0575427205098862 0.194848375526928 0.491395732315677
0.21074855932204 -0.391371791256365 0.227149087963455 0.448119966345946
0.232043443315462 -0.103315732461377 0.19369673023304 0.509428368250044
0.142168493476613 -0.0131160934190912 0.164346418079416 0.49142683447386
0.228024218266572 -0.271849958709111 0.161120004014583 0.51995070890568
0.125525607096419 -0.0459691835318594 0.191017513886063 0.509462076319588
0.286548622463575 -0.307879928839871 0.162871164770625 0.535013769180496
0.24791423087427 -0.355745013658788 0.186158856844085 0.523560775823423
0.0525033181492412 -0.0512084431237658 0.201022560245744 0.530344748017462
0.222305942560016 -0.290476840533535 0.137518270077048 0.51564318308799
0.191402497975665 0.00680229909412357 0.186747805217264 0.469037944188146
0.0165405654995719 -0.0594802890320862 0.1963498477862 0.472988875231341
0.1581783375332 -0.082480073998288 0.21092873616066 0.501551818472304
0.197417577935746 -0.276065149699151 0.161438854364364 0.532639907337202
0.308181188884913 -0.576492564543196 0.210702396270035 0.5346812328075
0.0743604208267072 0.0513348695046951 0.189900199782145 0.521136787039253
0.183794552896537 -0.0374321226100757 0.20032529670312 0.515829379852485
0.267467169146265 -0.119617548122957 0.18785510719839 0.501137575889948
0.148712008219026 -0.260792770466058 0.16465460795444 0.50804625124731
0.0592954117349145 0.0124839452992752 0.202139055616471 0.482668795775828
0.241543613147618 -0.263515272498427 0.163045497161386 0.508999329069299
0.276306337395105 -0.314555488465443 0.217350356143205 0.503372093621632
0.295511205004993 -0.355824382368453 0.169540240654356 0.459632923641003
0.195755428845009 -0.272149796545124 0.151674001560748 0.52497207558378
0.017707018111357 -0.137974976698921 0.18165114488577 0.497369335919226
0.205954823937988 -0.215253683070814 0.171221557899887 0.466511667404071
0.300538621815651 -0.00439229169153478 0.193875782437091 0.521354937822506
0.282087815529637 -0.381250251550426 0.187530089851791 0.491247043169918
-0.0240801767782397 0.174125103417057 0.21918225985233 0.461760777737536
0.240212931118145 -0.315352349253368 0.224354399408717 0.461291219060269
0.0785008357951308 0.0342861127634272 0.192154444198919 0.512197091367368
0.0412874354864204 0.126138966568831 0.162444106835306 0.505809634539729
0.276739613906258 -0.177855983995249 0.12951339364256 0.48200151978936
0.0871174339649388 0.0350703436658887 0.174714525549288 0.479583411622143
0.0798272951599112 -0.0983007430341003 0.181162759138644 0.486447028209581
0.1610656743453 -0.0988362943316471 0.143777860845351 0.502598200462215
0.254560194283559 -0.315640441538849 0.131153074366927 0.52541653226539
0.0522915335410158 -0.115899215965927 0.195106711922602 0.465676135949198
0.0182056924525493 0.215138974302281 0.201863580266156 0.502204052521802
0.0782270376702716 0.0434765593334132 0.168460813700899 0.524743868935333
0.152702332081107 -0.250015344924886 0.18412682640893 0.473208146085718
0.177493626685423 -0.217240561060593 0.219338252622408 0.495982989463104
