0.314872747561745 -0.423896161389033 0.21713882745035 2.46247003149758
0.171189032061384 -0.227216279832705 0.173919630050925 2.45453533435823
0.167407562794039 -0.124865292950936 0.203963706866191 2.27799741319447
0.353627135452699 -0.435554809306032 0.200748826348832 2.38499300671184
0.313822907765745 -0.229053902534836 0.175358326989065 2.41534035691553
0.201147321818572 -0.320731868087899 0.167010819164882 2.58713573521971
0.255672986251792 -0.378042540539693 0.174308540944564 2.57842220019206
0.198333487183679 -0.28195003462218 0.191651307638661 2.48203586454741
0.290698700462634 -0.290427837232615 0.165968492741476 2.51839955757759
0.361236567594076 -0.420005165024583 0.171022758355015 2.41069593633507
0.151291377166834 -0.171398954047593 0.170279650085158 2.47335053505215
0.266589941423146 -0.496233430660289 0.167005259418884 2.39645389269837
-0.103990002586171 -0.0370587099315834 0.164517516889655 2.45673655549358
0.219991691461455 -0.091667251343316 0.205969234225003 2.37406631508267
0.194501316260133 -0.0787828357724213 0.204459893599972 2.4010512111926
0.307778338934378 -0.346404038768105 0.210029034405248 2.40131482607667
0.187936267076383 -0.475697591984121 0.162297951790546 2.40842038411266
0.15862283814825 -0.152521754889173 0.192602771366795 2.40423011903549
0.139115674775029 0.00706775437352031 0.158909969728807 2.38849430565469
0.190885279090608 -0.315909619759048 0.186814502963184 2.45880388651431
0.164171173318803 -0.144194896476599 0.210744496394862 2.2683064476911
0.145537643358511 -0.332908485801572 0.209158875899452 2.45313892571639
0.102995916057374 -0.238026740763212 0.177769934954586 2.48354435962583
0.0482868173044591 -0.0203799389595215 0.169315799775283 2.71391885048776
0.292550919848463 -0.270632028121363 0.190279533659885 2.50353892284206
0.208235179780072 -0.368161333406701 0.211996152801395 2.55172335842134
0.152768591579947 -0.191416233358718 0.17111958568903 2.46654914568903
0.399728484693064 -0.38542136068258 0.185533203566411 2.73686889624073
0.10365000248063 -0.158024410145453 0.168691528617672 2.5436540120625
0.20566396389005 -0.139703797807186 0.180938703185658 2.54921968928421
0.226986440546033 -0.0535190781803601 0.18172800105523 2.43659076023415
0.231776645298609 -0.135912468201679 0.181422201441108 2.44475185442082
0.161023011464002 -0.0863740789555833 0.16110773689428 2.42138828252282
0.349107939421908 -0.423469760818775 0.168148547469236 2.57857145650015
0.184195708802732 -0.174162724089779 0.183542118165514 2.4635038910066
0.027056992846401 -0.226995239339811 0.218829594286149 2.42881998164839
0.329145145061953 -0.291641847210043 0.159593781937602 2.81148466374266
0.236313148771933 -0.231019270881424 0.176985148859325 2.56806903501651
0.217305244001469 -0.309190276531728 0.14992903390343 2.61403138684019
0.265104083001339 -0.310985802246345 0.188842321378238 2.50590663425932
0.17206899566017 -0.199744737234836 0.148714660329645 2.51667936282611
0.354184691782385 -0.171264479105938 0.155392840984351 2.60836906122886
0.154473988289654 -0.0961024468471623 0.193115251232077 2.35799920915433
0.297858400594883 -0.441372349481717 0.171212219976677 2.63555786598434
-0.0278161123419642 0.07776420983009 0.201231621524265 2.48494271216882
0.232351663609539 -0.53188793161254 0.175570880374838 2.44747986006673
-0.00449027013984754 -0.0625978516615653 0.172793621962712 2.34150507909293
0.302145769185946 -0.400579228990773 0.131780911781085 2.40008917533759
0.21750529522515 -0.136328842392854 0.183008095553219 2.24603273899247
0.375254136849881 -0.4285553774302 0.186520427907013 2.49911298657611
0.286243902899523 -0.223624092597587 0.158518530754376 2.47480814658774
0.0934736554208779 -0.153483981300808 0.159796863494306 2.51518022888887
0.0788343370097319 -0.113448759533433 0.215539681703138 2.46961836385917
0.210831871770756 -0.216502200865273 0.155834890370449 2.8201045215418
0.256678206810485 -0.350512905116807 0.175793009163567 2.29035540858144
0.239826964581793 -0.309377767231335 0.168982455193343 2.63544935750799
0.179161080976537 -0.129101809497312 0.220542936482393 2.61946972762399
0.101599085204262 -0.10406723203688 0.191734379713562 2.45485812552677
0.272618787614145 -0.305563746613156 0.155165686260052 2.55130045839876
0.317131670509701 -0.242741606341062 0.193196422659378 2.3372804279049
0.147175071380007 -0.200991761320959 0.196623055754543 2.61921586940979
0.129247954866181 -0.0938810311911619 0.256671774678718 2.33027404706384
0.259834414238982 -0.250690279040556 0.16104878806612 2.5037745942056
0.162084851775703 -0.100001908571211 0.195487001041887 2.60718618380943
0.330867458562955 -0.554543741404456 0.173469764451806 2.6318096346218
0.147820924968136 -0.292223474777293 0.197201393684146 2.45595391173148
0.137818328311918 -0.125239533015749 0.175481191867469 2.47940349240155
0.0683259558392203 0.000513749157677624 0.225213437677169 2.4455082122076
0.276006174962559 -0.220494512655508 0.142673593138442 2.41346297058682
0.154051616499835 -0.180634636587772 0.198112466685906 2.45209067210328
-0.0646948524028694 -0.00961747105773276 0.214480903878682 2.28527737890456
0.0993699111958563 -0.0393841664808738 0.157599432531421 2.23233821531762
0.254467163689202 -0.325526871043613 0.148893055279726 2.80435563131268
0.151157146705918 -0.125774728473603 0.165157958184861 2.38595603594063
0.108445628265896 -0.184966370168737 0.23360948030523 2.44609213237225
0.110637104503149 -0.242618119826729 0.167267612754142 2.44381856698648
0.0993762948507385 -0.16476412911287 0.184190241041376 2.82921842684834
0.247234402227759 -0.356033607137661 0.12872951935831 2.53209334037076
0.395968181277043 -0.467248197263266 0.118878116482036 2.70983471007209
0.205399998319488 -0.198818998237933 0.148318590911957 2.84867746195625
0.0465966036151963 -0.059859509439453 0.202236091087311 2.43137727224148
0.113873289989754 0.0749603938134824 0.168166101652711 2.63548041051107
0.114818724737176 0.0452308688891882 0.214402355131885 2.50040935102442
0.264802971575526 -0.364006080589275 0.189805338889185 2.27440109383064
0.108342874485049 -0.0394899971794175 0.194036783724504 2.34404663045369
0.165637546152736 -0.113036829778969 0.16318059607801 2.31099709540223
0.097954206196845 0.0764104744798751 0.192337600503933 2.71653390621257
0.191024183534747 -0.275613055692934 0.129234221439674 2.67960818925407
0.271231228255937 -0.300216410302718 0.187195385999797 2.36883061771152
0.225306515421782 -0.187351651553937 0.168968115294072 2.28923939863945
0.102819850304298 -0.0917039648878803 0.210163411403051 2.37654347608412
0.117483404546496 -0.34497216421712 0.17282311361054 2.55167981442051
0.319782691865559 -0.249908937986061 0.171989184887402 2.5570512495688
0.267253425732611 -0.260898064429104 0.187757435863579 2.47490398103507
0.15983725169817 -0.012921010681887 0.157904707600171 2.28778127763402
0.148140783018791 -0.215933864288221 0.197297139007926 2.48614978478861
0.0282359819283521 -0.0246710499239779 0.208599776271361 2.43608891854283
0.228701076775926 -0.239072981689394 0.216655159270335 2.59879165831539
0.321141085951411 -0.198889734886823 0.204087471399424 2.5427561188413
0.219752817793195 -0.124964651949482 0.207853550215635 2.59031236789657
0.227581406330896 -0.162884234837391 0.20624888095997 2.46452231286999
0.167369211317449 -0.189798784630112 0.184783397516837 2.58694944288028
-0.00952576119719929 -0.0241335821478551 0.209399275445995 2.40681440167824
0.303285029834455 -0.445018512109088 0.180121891185131 2.53172861391629
0.229581776554198 -0.211687823722501 0.20094650918624 2.51448590827369
0.105899327516798 -0.0760230379810755 0.154714295610252 2.76983795818284
0.148184522868985 -0.02504655948914 0.203918687805305 2.46600459997469
0.253751149172504 -0.220516310187605 0.185573311602759 2.56169219858586
-0.0409658599540235 0.0809620443478327 0.187427684613231 2.29521274279816
0.18279889313172 0.019210415781316 0.143033666492064 2.6082516418375
0.0736139610814909 -0.0552138896052068 0.202656170848927 2.41543775701389
0.292550289963882 -0.212476872143529 0.137271179137549 2.64875277485275
0.179345227475794 -0.216642935603618 0.182824932291409 2.43812168034851
0.104014461985275 -0.00441851339187423 0.174245072735706 2.77934191887757
0.110231753025352 -0.209877281193554 0.186515842724962 2.38800621382436
0.194564285225759 -0.227704375942765 0.216653139678658 2.443144516468
0.295034742559123 -0.279860182462239 0.173986062665208 2.51882050676475
0.241999992954234 -0.277830364156745 0.182650679022465 2.50032225920319
0.265785719621185 -0.289225528362541 0.175422227042917 2.84906947834047
0.299709551227391 -0.380464509037713 0.205292637739568 2.34101417251922
0.108044793697201 -0.0101508321027472 0.239534947823454 2.5235622559269
0.29378391103186 -0.204644749346627 0.163867672028328 2.16265423066052
0.226696831309602 -0.19112332002818 0.156248201609441 2.3682761632729
0.295057582121436 -0.339178217193848 0.166582989886226 2.5346702981449
0.0419442661196311 -0.0308336303227523 0.148427133636812 2.38676612047355
0.403843150460092 -0.386022760180305 0.161389726120524 2.4676381046436
0.0960960660575167 -0.0932939916676188 0.156122985182298 2.53063811258024
0.142970052001168 -0.236361027167603 0.145597720894477 2.43833596492692
0.0830983429832819 -0.0610838997860581 0.208234791345514 2.53480136851735
0.223002233816998 -0.246672860644982 0.23092386940659 2.61094678811061
-0.0368303645610973 0.0516621201694934 0.227826529600881 2.54118534214717
0.0874364062677971 -0.118027932911827 0.166356029265223 2.49190890255161
0.0985045208023885 -0.109133495442653 0.164219846581585 2.53108585769612
0.110798213684209 -0.104021172544387 0.211424955118708 2.31835495078317
0.113755046484693 -0.11759054722872 0.178377252724159 2.63482352565823
0.235802365387794 -0.359266754453786 0.233869605554152 2.31984949157369
0.241692806907947 -0.1465093167187 0.170153974808238 2.92659740551159
0.396220830777107 -0.407179661781428 0.178213725497262 2.5830461567817
0.234728683404496 0.0374935708407489 0.174124981028155 2.44408791169082
0.238564237511006 -0.31874636058768 0.160794178465626 2.63146010404053
0.0727320064492715 -0.229330185194231 0.239069002667071 2.47788930620868
0.267574016127152 -0.340628162715328 0.179667557577411 2.46915192742557
0.148970751612818 -0.149614997661318 0.18189162813443 2.43296478489967
0.221973062069698 -0.308513129160017 0.188354790465506 2.42432014881104
0.477125612546119 -0.637041554008766 0.186149469209441 2.67573226499624
0.121710554970431 -0.0376471348136975 0.160854383847762 2.6414696942236
0.0979890119919375 -0.087957218862766 0.219388152889025 2.62956491275326
0.0981546157801534 -0.0370742907111119 0.199890680415971 2.29972818779666
0.130247775782434 -0.0191039006490482 0.140452407499723 2.73436493925687
0.0983900969857751 -0.265050630762937 0.19865157136906 2.521732418607
0.194194145443264 -0.330137789181228 0.203824913158434 2.4262430416287
0.32414532810415 -0.202025026056601 0.222844038397926 2.45331946920764
0.132090234907296 -0.104699879589727 0.167801263065638 2.81569183838178
0.102448486606399 -0.0321724510424699 0.211650548688483 2.29025704789697
0.139894544788768 -0.116324407258627 0.177585069118617 2.72964055710611
0.105746654473111 -0.187520626057166 0.173797756821908 2.28628679951413
0.255748693017865 -0.199429984244171 0.148045262006848 2.58638177721967
0.253515356666877 -0.268648158350855 0.193361543562482 2.43697643150035
0.220998573822959 -0.176928744290181 0.132724417041128 2.93353271393588
0.312092039261992 -0.270102258427666 0.209811288555325 2.33184520759553
0.440323252981489 -0.3956413529122 0.205812757577533 2.57036915201085
0.308056049924578 -0.339234406426151 0.166823560431377 2.85989510861191
0.174492854257995 -0.301072114722987 0.213244329595257 2.32493598402685
0.273311279317624 -0.157979213914549 0.152488832382869 2.46535923581425
-0.00155407259725746 -0.0486860091364676 0.217456002856052 2.51398174410595
0.334800360775357 -0.271597391008308 0.247031636013545 2.2306467160197
0.266112719943011 -0.177408160311736 0.184707935682065 2.57466357475993
0.24411031055838 -0.216902104425942 0.235947630385751 2.27683053667314
-0.000343696569152737 -0.00350549028172756 0.222704593536313 2.36113553876383
0.147172109396226 -0.135610992427594 0.200826343066803 2.59599175582335
0.133230052568324 -0.138417139211331 0.153923948892179 2.78067490230141
0.243160989436925 -0.323720008189046 0.174483162926151 2.47203044718231
0.232823261206435 -0.211931812961663 0.200369653617556 2.43156607063811
0.133147920975432 -0.0315505294690595 0.203567676790033 2.18552952434684
0.243239391684623 -0.25145919742315 0.185804228682137 2.41748684832442
0.0986928738831484 -0.0734037918665024 0.170775962916923 2.40072938374577
0.149674168505518 -0.345239300289992 0.179593383891082 2.36724276868433
-0.0273193548043089 0.101754564238218 0.174683666219804 2.37667761460454
0.240976486495568 -0.384418675535026 0.159530761441293 2.52053101099608
0.0587497949489134 0.0788797038674359 0.197385932743393 2.54398248535334
0.241117490557626 -0.347324816901642 0.166052507684734 2.45721086043918
0.34073641757272 -0.20473856359394 0.179040606961523 2.57370396667692
0.0552723428455417 -0.00526854447837214 0.165875203259886 2.51458502937321
0.116817862973843 0.000286487934321333 0.214472282356465 2.47184711874038
0.224436128743779 -0.272876390782031 0.201514352655103 2.48868036359026
0.176072740309993 -0.173419402030148 0.179282348377727 2.46798463485909
0.162736120077314 -0.318677123127615 0.225893990174396 2.43771497422074
0.423219476352657 -0.514759050409225 0.145356739314349 2.55163392448776
0.33534333889466 -0.355982882694297 0.15078344808485 2.87482832967576
0.00691809029847612 -0.0109422674486041 0.160825604325514 2.71737035387421
0.139090898303235 -0.181394869054764 0.176084118124135 2.57899038546146
0.247071719560458 -0.278527020339715 0.167660243587974 2.6979180461522
0.090185280723031 -0.0585470581746184 0.232465948843493 2.28036237111289
0.117392294099816 -0.211985064413287 0.147295157634023 2.70283066873175
0.503914961660757 -0.461797702407609 0.20141937085829 2.59804792374454
0.173925175364624 -0.226140911030871 0.213494164716466 2.40760156022587
0.225156651603972 -0.223858568505806 0.205856277586345 2.34819989019389
0.121122020074441 -0.00219194521254566 0.174895586743328 2.46055250379426
0.106088582916653 -0.108082447376271 0.216650792874112 2.46366675308268
0.248659714128123 -0.299336395558066 0.180804934225159 2.66178282069404
0.149304436314731 -0.243670727456783 0.183336655084052 2.48431192309237
0.393616555347258 -0.394822756563699 0.141132446203139 2.82083723722778
0.177838571895143 -0.0479146361022601 0.190350155384569 2.43402062820819
0.184926064016318 -0.128290472789809 0.228359220991686 2.59250925249281
0.150350429889197 -0.303619951526775 0.270162049197031 2.33046623396285
0.275052414812008 -0.364031435025599 0.201971989417406 2.34969858154332
0.249903268403452 -0.200472784710772 0.186909592500568 2.6782134580347
0.08385030030461 -0.0178126416631397 0.144833215601767 2.41290272722499
0.245489362592095 -0.10850177831723 0.164492747879716 2.73626377153195
0.287533782622655 -0.34210890040413 0.174102312190602 2.42033831383099
0.316083435157288 -0.288559202880036 0.182139799607521 2.53696778755101
0.347258810797294 -0.404970990548956 0.17813520972808 2.55953111436981
0.0323257966750108 -0.12211691441352 0.187113074926391 2.40956793730591
0.214937819110428 -0.0846520846659273 0.166183056977033 2.6462176926685
0.253170758372568 -0.311944592731605 0.161040345066356 2.49591783436486
0.0686922417498906 -0.140914269251096 0.218462673153487 2.31422087061137
0.180522628727268 -0.105511081278656 0.176555355715359 2.53230955980863
0.576913509606363 -0.539830973996267 0.145188663918513 2.82538495838502
0.260847143425097 -0.133046805865737 0.163911208375242 2.77008854586523
0.200608366964483 -0.309755261178397 0.185427582878712 2.62977278911911
0.165058144163704 -0.223528474143748 0.172621398465843 2.57961946513443
0.144039852432866 -0.201745228132536 0.190100964502973 2.56227768040073
0.17067251000643 -0.114400657368697 0.194479707476266 2.53080889113689
0.212362016350006 -0.260788150398561 0.178042659656404 2.57250668638398
0.0650170234609422 -0.0863750987691761 0.177659058419177 2.80588020144616
0.0843071912624433 -0.0410623715275641 0.173244369537925 2.40630121459162
0.0243162975599278 0.115514131184895 0.226831227039419 2.37688058977692
0.308342809377428 -0.309582599625978 0.167972887604484 2.54226000144305
0.130519044104728 -0.227144945028318 0.233847194909482 2.41345755881027
0.230991409591168 -0.192712269211447 0.164663083258142 2.57439776575685
0.241341792855642 -0.0836757344290863 0.147746309117555 2.62972375563395
0.274816004716986 -0.198340163282528 0.203335495428502 2.29426190594449
0.183662918447727 -0.230328863392864 0.162576652910176 2.69384737463962
0.352147532199968 -0.236351048048764 0.1331109307313 2.82672200063754
0.284779834320085 -0.176755670277535 0.152506171215476 2.62720131959517
0.168371103386119 -0.144112758237041 0.217566402426994 2.41151617141157
0.224966584587204 -0.195371033267727 0.224801878575775 2.48114321800302
0.393415514879944 -0.336235684209501 0.185830020090828 2.58040848549289
0.273477457521104 -0.155582096201733 0.168700888466632 2.72153457937134
0.288238203317133 -0.342639245690639 0.154571408040465 2.40620765364592
0.132330990431769 -0.0252418269667066 0.171227013877057 2.46586685320508
0.0529048390252636 0.0303517599933838 0.231999152251574 2.31216730851826
0.148891211023023 -0.159702691055381 0.209675570264211 2.2786941021002
0.173836574990533 -0.219386374680356 0.193871328569556 2.64048423778751
0.23906833205439 -0.217654081603507 0.195966600698971 2.56955030451951
0.310967628992271 -0.328255089126588 0.164555925976034 2.43860671599403
0.288460328639103 -0.387311757247 0.197592423924781 2.56488605880671
0.128810674389687 -0.245848091831269 0.173522155377654 2.37378733285493
0.39285057784537 -0.454621493192506 0.137692951274592 2.4972420738284
0.102306679492057 -0.0281076810560254 0.162837149372697 2.64117983808417
0.326612769237768 -0.420321561732861 0.171986061611038 2.38581695310336
0.232412808677336 -0.20489214330122 0.156117578936589 2.47870913085049
0.0484958243147806 0.0216366301483351 0.192955465286395 2.68951077221671
0.146993966580523 -0.103987768831613 0.191052559319327 2.37206512557823
0.307147833995794 -0.195269292207318 0.177243446359109 2.53346140250563
0.295274049343637 -0.228014127627462 0.175859313999039 2.66476552157476
0.0829397600061539 -0.0816464969755122 0.218249942040229 2.55966719637938
0.109323498364224 -0.0669760075686594 0.168947551740908 2.53248607959171
0.196182053935626 -0.233260518244753 0.158390750063375 2.50896366586878
0.113933125921002 -0.115542135856897 0.193505421999036 2.51617802021184
0.185227121443 -0.209536019370239 0.186589043031611 2.53775025014658
0.163510245156946 -0.152231210236631 0.18520328407414 2.42148382070138
0.269497052048839 -0.295619794959202 0.180018771371955 2.28448248238728
0.243295364793537 -0.303391004596991 0.178312644940269 2.48463318221452
0.232963517867196 -0.164880010800674 0.192345545527917 2.45420660354367
0.233027162067143 -0.211282970195642 0.181203364377986 2.44196084433134
0.145153723595304 -0.088943975033301 0.201201528402808 2.33154645571517
0.138534288657013 -0.211530375121726 0.177258351696882 2.28469632447658
0.317426996848206 -0.267282748924544 0.1981890550941 2.28262423976292
0.230775534777009 -0.110287571562298 0.1915741468683 2.68312728534761
0.210158204659658 -0.15215696447836 0.137943305960015 2.36311315787603
0.0515828449310663 0.0287404421194816 0.175100814507604 2.412642795651
0.184258312060053 -0.321705978216738 0.181140981459585 2.56716309887398
0.239466015121321 -0.253219874162824 0.167059967773692 2.56317237917512
0.253049012505971 -0.206764649735091 0.16143009954096 2.55627112338565
0.271631823305883 -0.12112813982855 0.160093397759811 2.418992172528
0.397933329976526 -0.387944966674777 0.188555074403013 2.589409865718
0.233849586633822 -0.286057328555892 0.194528571421143 2.29229474609705
0.18659368245193 -0.211238575862841 0.17718208142831 2.67514706693214
0.229167233540295 -0.316820125290461 0.191337583054437 2.5026430278037
0.238996433322281 -0.108634107716786 0.220764578699263 2.70700281341423
0.119727822194407 -0.204483632236349 0.185366863100874 2.49659309576011
0.277354149069305 -0.296450576078157 0.177073463344927 2.50103404081497
0.41457588641374 -0.387863497420625 0.187305417480597 2.70526045149761
0.280557437668812 -0.375280694242855 0.172433517298028 2.44651422644028
0.161413640737623 -0.139190751430584 0.211689756136588 2.65946687909019
0.237095813387244 -0.363947743763965 0.172241011865641 2.36453356742631
0.00954036438131533 -0.0324621866752572 0.208888080583236 2.43321044784282
0.191045021032861 -0.260126610219781 0.157024269426002 2.65863262644463
0.0728183324301829 0.174409841449521 0.196295903178238 2.36688480065804
0.377757203351396 -0.375412911817656 0.151429571781168 2.78805688706685
0.264387427421594 -0.294187982538623 0.199660866571443 2.50841348429982
0.203368676805931 -0.370062859036339 0.231113103926791 2.56185076948507
0.164694280324973 -0.0764326192711245 0.191484449355986 2.58535978786351
0.133239687027483 -0.19034782293668 0.158820102117011 2.38558729214173
0.174296498020961 -0.416432773920634 0.19090628466557 2.34805514869651
0.154595785294344 -0.127222892646331 0.139405187385267 2.51213191703212
0.336962050426084 -0.434246927033672 0.130202458103877 2.80271558041122
0.256118941510051 -0.126843904067965 0.184420629418747 2.57661474896946
0.291425608729808 -0.215813444911719 0.195192456337673 2.33340655142507
0.36433672004837 -0.292117501233319 0.165533046301505 2.88630366495166
0.0584613822482245 -0.196645037394107 0.162692932184699 2.49306235532634
0.18131150101273 -0.311532518367142 0.189682800845453 2.46169000261093
0.205243216334646 -0.397288408535018 0.152572484151653 2.57057831926863
0.15497784208784 -0.296217252166766 0.185701560468243 2.40362469073638
0.254697299105943 -0.359371697619915 0.174669692470102 2.60180026071543
0.162905352655139 -0.190073693453857 0.174573441491026 2.44005862864386
0.215656473316737 -0.289197625104732 0.221926377952074 2.55663572352769
0.267688235489881 -0.371350635979431 0.147029469302874 2.84966803602576
0.0341446326293021 -0.027449492671079 0.286590284453203 2.67061584771229
0.0934069802495274 -0.104204712713522 0.196207911070901 2.47450924439552
0.0658955532564576 -0.0452759339435225 0.207799440405013 2.42647443478096
0.0989263966778021 -0.0675601042622527 0.143537805561027 2.86637796750494
0.24312677732285 -0.162017164024261 0.158968857396762 2.4964728064845
0.388652860693081 -0.511765931034422 0.217097396772731 2.28765065050848
0.0303103880306637 -0.121850844178888 0.205247512057469 2.50875900315101
0.272486886600751 -0.152284947970664 0.153875837146917 2.65040188241684
0.124139062505612 -0.23559105476486 0.159393724653139 2.5547507416313
0.200201059209299 -0.301361751981421 0.18626530432826 2.33992487624779
0.360209074999698 -0.325222534151112 0.192384032491939 2.52431811097127
0.00543069886591998 -0.0447241508472345 0.188180173707756 2.58301337637081
0.193409521441612 -0.308265764817547 0.196046880889124 2.27749980670207
0.133929172437325 -0.259998199008204 0.179101946644775 2.57047697821844
0.296434862393551 -0.285610113125383 0.204430026211531 2.5295182351122
0.185361406628448 -0.170681980910276 0.188052020066258 2.35269588950576
0.250934662398865 -0.165997544337424 0.167884241899299 2.65562581375144
0.306579146205265 -0.231699982709276 0.189078682691724 2.42324439270643
0.187951839662498 -0.163795234702701 0.121442219046428 2.52609086142194
0.213951679213129 -0.202523060418939 0.196794326852376 2.37867103618563
0.367259002772172 -0.324302541237057 0.220328950215068 2.53951637205651
0.230023473720279 -0.306163271222146 0.151890164305877 2.40364510754193
0.266812669089866 -0.144941009258498 0.148628807231643 2.62979103248009
0.122671811612298 -0.0883142593633315 0.192217446891021 2.40807823950912
0.304178399009322 -0.378708142555941 0.177030889770618 2.32155318255863
0.27742597438417 -0.334839296085213 0.221995544666096 2.56308779109001
0.182940534492523 -0.189063885576284 0.146344609597307 2.53751962984911
0.204726634929276 -0.0976722333876523 0.184809967062444 2.76801589908014
0.123564311869326 -0.263531814827239 0.231732172465268 2.093008956848
0.0888325375507905 -0.196710181987822 0.20806613664937 2.3008077002183
0.283519901321392 -0.327495037700741 0.184084548992354 2.63460478753952
0.01343117192163 -0.0771368064441014 0.222746352984004 2.26452565337503
0.284753261887492 -0.227743571670298 0.18201301676953 2.41525519207235
-0.0215514334814673 -0.0195036906582925 0.191626927560218 2.74255546514244
0.286451649247996 -0.300601130515952 0.17312123245694 2.502735955928
0.25955563681104 -0.318356284544007 0.23125042448504 2.3172129938231
0.351396584021948 -0.441777615468352 0.163710520601546 2.48954304775449
0.0160346493697964 -0.0746783363341124 0.209697302365539 2.47729942085845
0.296758518101071 -0.480353162539326 0.178447530357238 2.41293886603756
0.148935599609198 -0.110095075450433 0.226076742591551 2.42605116898075
0.00976613265515406 -0.0813720998201351 0.236213276257156 2.20944196187248
0.226942838502086 -0.260600185285943 0.141208688146676 2.55644024069787
0.134754618270249 -0.219506209449607 0.190320076060146 2.3734026806188
0.168383671367992 -0.0560765672711452 0.176065115301997 2.74706189828543
0.12580864263321 -0.246331540532792 0.153646628917523 2.50545255403047
0.24562868210951 -0.295727754612129 0.17565400971639 2.42243278761128
0.169377316224867 -0.0978674298895924 0.165465335249664 2.57191683697533
0.104491375216185 -0.227213914855049 0.160917350930632 2.31527381769576
0.148632323407515 -0.273147480584577 0.167850646480398 2.67622775883926
0.00399064459041463 -0.0175680066680891 0.193908531765481 2.42279711322208
0.307089829914083 -0.352495154775614 0.213362114880323 2.62059553405473
-0.0164554829285307 0.116351706654887 0.183563270521771 2.37533818664893
0.170047351825776 -0.226303742045719 0.177311511359981 2.56040340092369
0.142775769428589 -0.145935958914906 0.143948396526436 2.45703478253329
0.310899004694048 -0.278196550068407 0.194745019469055 2.61689063917003
0.3034612358831 -0.180708626691008 0.17374462176289 2.35193808441297
0.251503419628091 -0.224604376127311 0.152983912379531 2.58338574195326
0.181186251508802 -0.138154227236634 0.232443717156971 2.53759790959681
0.196289153712288 -0.199085263458347 0.214269630329019 2.73294295679912
0.214321936866725 -0.386018841053185 0.22029993472233 2.17545206124874
0.237360173176352 -0.0638881779397669 0.210400505675398 2.59357183302292
0.272450810070619 -0.339291465314413 0.256647288590157 2.37890004045253
0.393899711922046 -0.416059686888157 0.163004242916526 2.62727400020027
0.268855234784316 -0.200008519616488 0.199999547633897 2.41990069173407
0.354495877251064 -0.396146665219583 0.197922703027769 2.74155827383339
0.197765102715629 -0.251693733385115 0.171051107657785 2.50903224567042
0.155321733394827 -0.171182299194475 0.181998875582384 2.55840323743292
0.170712893614596 0.0933667125921546 0.17827269734277 2.40250032185436
0.0643410438497581 -0.116821252675763 0.185856211062211 2.2152397226498
0.283264586969781 -0.2650834061702 0.172957546004922 2.64430714131204
0.291145819426105 -0.419404796286505 0.203960248119033 2.39205821978452
0.143946688103854 -0.136069618212602 0.149659032801486 2.68713777970395
0.227435145444806 -0.448319799979209 0.206701876383778 2.52708745348846
0.176204048967831 -0.221537539847102 0.155238646813441 2.64159768742964
0.0847191246131698 0.0337505309958511 0.136767757119065 2.5421977958656
0.203457246021971 -0.110528802495221 0.208893395198658 2.60808730370507
0.0213447118912663 -0.0509909289453318 0.185138036268459 2.76030299951393
0.184002435787218 -0.221948605273932 0.209424943194516 2.40038980863583
0.214558327610819 -0.330829687652616 0.209615018810039 2.4957820599094
0.161055592734512 -0.124703646617383 0.210675920620894 2.37765230188326
0.0157535525870135 -0.00890185149534491 0.204516287822749 2.3362049176486
0.0967224416323714 -0.0451783939217853 0.216651619468767 2.48922500982427
0.229469014282309 -0.186678058835893 0.165068313149581 2.64096295543702
0.108615610444877 -0.189307644386587 0.236868954554899 2.40743181045062
0.073054840489564 0.0107201880327345 0.207480573149822 2.26598332653885
0.331068560680222 -0.297209701437165 0.229530218634086 2.39268578372484
0.106855816904906 -0.0841952255814184 0.194791838638475 2.27628023484151
0.288609819987263 -0.241645650883848 0.148468212677107 2.56059934826524
0.176665324918289 -0.30636723316039 0.22039732191327 2.36303509213132
0.13584921180971 -0.0837161837790733 0.170858586509043 2.51689684815916
0.156178273819673 0.00266768496085969 0.168462862013077 2.385579647508
0.24112389566107 -0.21261210127322 0.176463792155564 2.47684764314822
0.143147584615818 -0.136644772871483 0.17962914958106 2.67357887532209
0.24425598347569 -0.308366142901547 0.201982737926443 2.48123210855521
0.0668787924692033 -0.0798238054418145 0.164711721373012 2.42789452127457
0.159900115957285 -0.121075501281079 0.224565569463076 2.55745465077286
0.229161276253298 -0.293846884692881 0.173751644289062 2.5278381085176
0.158437460500666 -0.133618054829107 0.228513259924506 2.40925609952811
0.393211983306726 -0.37837184815742 0.223129143104357 2.64525392224009
0.183876090118386 -0.309647123174771 0.209215334925284 2.64692967865395
0.074769969223978 -0.113166779324365 0.224587767093412 2.36472139232064
0.217944304764308 -0.390173205209143 0.181377427133458 2.44727607859202
0.153935086479527 -0.227480063882945 0.166347297882596 2.60833723012217
0.160800283899814 -0.293709762096353 0.197347691794677 2.39788605236798
0.253343628628257 -0.278235688825194 0.179003594520659 2.39887173798445
0.0660455831898483 -0.0226911293618427 0.225297292312251 2.49518698197401
0.178835306211655 -0.268623947004909 0.179844685310541 2.62637042756076
0.137878901410607 -0.235733822836532 0.230027329639062 2.31771385639458
0.205174667463649 -0.258104715685038 0.16854667934497 2.59547088763659
0.15801788896343 -0.148473108416776 0.21119830794692 2.72039387410994
0.195212810847705 -0.392861945116709 0.223218865934607 2.19900543907901
0.111558737666047 -0.112015464470831 0.198420031450589 2.56662878736457
0.0990165775767264 -0.158055599976128 0.209907425148387 2.3885957840027
0.109157418967553 -0.0980935913948611 0.188043184698115 2.48084411237155
0.261355384892318 -0.156065158849125 0.179114792553134 2.7488082567698
0.185695753895527 -0.243530210200348 0.193665407119672 2.43254788505714
0.00276274317749764 -0.00588270474484314 0.181364162688792 2.60783259425929
0.241317909344244 -0.13657980915002 0.187781843522554 2.50979903432125
0.271831952992255 -0.24734229867325 0.171593856196293 2.51551517701736
0.23357928037607 -0.178938005390024 0.182738892616799 2.38456189604873
0.282077119035509 -0.220045950018981 0.197787965987986 2.53983489105647
0.260500028274513 -0.405880184406827 0.185199542283009 2.30346353537188
0.00713487347152537 -0.0170669977852915 0.16825885117839 2.3630464103954
0.224114531966675 -0.30016142797865 0.181630139661946 2.60395702775938
0.0845980924494941 -0.0945766396324876 0.148130874379104 2.63191379065633
0.171280010563321 -0.176795066123179 0.187851749051946 2.41975843694082
0.313772756881676 -0.314475470308954 0.152604326500233 2.67153081098877
0.314095679326184 -0.334898611724727 0.189711178666031 2.42641297712179
0.266258801665312 -0.331367134768603 0.19961344341176 2.32708866451387
0.299082880325193 -0.308111344287816 0.152515528439672 2.53696930461324
0.430943115690856 -0.374175055385338 0.171684768950051 2.49023496702754
0.163837929773073 -0.0838111034606797 0.19368387409707 2.52383113347383
0.19419952962235 -0.267261675596538 0.138910181823681 2.68787084312217
0.178729841933402 -0.177831509067966 0.162693223105433 2.33813119515103
0.245038072751987 -0.250434765389133 0.170351784892281 2.49789716936507
0.288081402538687 -0.371270597636988 0.201449689052232 2.49608077542319
0.118207734460419 -0.0492754160718289 0.201551212116449 2.46476042216904
0.183359553276114 -0.175797077857717 0.173113824700242 2.67078836022223
0.127876395341355 -0.0514337557381525 0.192208206097683 2.29404581247634
0.28940792692386 -0.232475004857715 0.200453003854578 2.71881020158448
0.223115350474976 -0.225679888521397 0.179673506278985 2.83821907734696
0.214879635180652 -0.118418183255971 0.159280001976815 2.62148516382033
0.194285672074608 -0.185766047036561 0.167227319523994 2.54452723214848
-0.0106878373971939 -0.00358472834371094 0.182334095148941 2.60392778230803
0.201142045347873 -0.254796067201802 0.199262171309077 2.7262625817543
0.207756152185175 -0.269340596923079 0.159315787313702 2.57329941370668
0.248703446510912 -0.291603273707768 0.195431052104646 2.36393921573154
0.18579444860688 -0.200045272764975 0.200912632052777 2.36945941360403
0.308508706927374 -0.34027536614884 0.179451868589593 2.45133808351262
0.248195484978163 -0.304715898197524 0.203328570437487 2.40819023920212
0.174506553207496 -0.238828928391075 0.167108439572665 2.46023720772386
0.23122956593328 -0.28819533726376 0.173845866849959 2.42844212392193
0.256868199333183 -0.159396426564826 0.201161418346034 2.63921875577924
0.1686087604204 -0.15630033280461 0.164968196066574 2.47527540498053
0.132720105771886 -0.204417400145461 0.15364181663303 2.80084075674802
0.459900086489481 -0.762987313821293 0.18702859846765 2.37956203955284
0.193869776879672 -0.165576936595321 0.164780246091301 2.7842742701562
0.239759056635894 -0.345857991920992 0.154227508343795 2.76939661650522
0.287015068014268 -0.246818563845726 0.233233335706334 2.3715611336701
0.292394590241289 -0.451694261575153 0.205894628557325 2.34069864505351
0.0901010205003345 -0.148327661137163 0.259109883452575 2.12273877417378
0.177039195249671 -0.163401476969998 0.118878116481948 2.53913039518454
0.253776088919888 -0.334677701310924 0.131457979896705 2.48556209315596
0.293342968805333 -0.282323903025141 0.167382499506207 2.65885017381056
0.174479355289525 -0.0707867773344638 0.19283828568339 2.46896883727614
0.206473021207147 -0.347623330993792 0.228039653530372 2.19442499947292
0.0783997305019542 -0.146256921531232 0.153550962626927 2.49034953538198
0.23065571458229 -0.136603777335342 0.193969300121031 2.53892782814975
0.1492334331145 -0.0485657707691026 0.163744520976078 2.45504550486495
0.220395165307762 -0.245355827468014 0.161198280997427 2.61775381495799
0.148450204939327 -0.089863214622587 0.190763284500914 2.56191131378005
0.263175266400339 -0.282408495993936 0.162049152395933 2.71560047332121
0.227144101078924 -0.326117153123787 0.184906510553366 2.64973376022749
0.108013228269603 -0.110547683476502 0.202252878432917 2.67444760518563
0.220089991966884 -0.265714691249463 0.138067636246947 2.58578013470238
0.197731118802514 -0.0612907820563265 0.18508890400498 2.33110558989285
0.0564335649452832 -0.0987167302451287 0.196991010018133 2.34334937987304
0.179058948322294 -0.116125875788298 0.210614513411646 2.51313633036257
0.19310385760219 -0.254073994545071 0.161301739695129 2.69877649911305
0.288127759681309 -0.486398270264605 0.210473898536768 2.71351239957547
0.103202855349641 -0.00899010612969157 0.189953530059696 2.62270799631974
0.18727871246663 -0.070110097480903 0.200513759292202 2.58197000580813
0.232208409424284 -0.11271119956481 0.18756445883638 2.47527314464261
0.168344295706767 -0.26156663749009 0.165821210869893 2.53965149651296
0.105253571394414 -0.0527482049929579 0.202545768671408 2.40027830059484
0.215564308896491 -0.232194749575937 0.163042079263965 2.54399511212034
0.379762957808982 -0.42796056041884 0.143180522867746 2.30247876184014
0.264969597776477 -0.293280714706059 0.216942462406568 2.52065397054259
0.260312621008221 -0.296259617654116 0.169641484047854 2.26174525504756
0.182275569928464 -0.248176691801592 0.151454713693075 2.64467286956364
0.0605920985644381 -0.152931715972886 0.182703356498645 2.48219551775869
